l c x y
0 378 60.745288 508.053961
0 379 52.676876 508.953793
0 380 44.595203 509.725500
0 381 36.502303 510.368885
0 382 28.400214 510.883788
0 383 20.290976 511.270079
0 384 12.176629 511.527660
0 385 4.059217 511.656467
0 386 -4.059217 511.656467
0 387 -12.176629 511.527660
0 388 -20.290976 511.270079
0 389 -28.400214 510.883788
0 390 -36.502303 510.368885
0 391 -44.595203 509.725500
0 392 -52.676876 508.953793
0 393 -60.745288 508.053961
0 394 -68.798407 507.026228
1 0 4.122395 519.619991
1 1 -4.122395 519.619991
1 2 -12.366149 519.489180
1 3 -20.606789 519.227590
1 4 -28.842241 518.835287
1 5 -37.070432 518.312370
1 6 -45.289291 517.658970
1 7 -53.496749 516.875253
1 8 -61.690740 515.961415
1 9 -69.869200 514.917687
1 10 -78.030070 513.744331
1 388 69.869200 514.917687
1 389 61.690740 515.961415
1 390 53.496749 516.875253
1 391 45.289291 517.658970
1 392 37.070432 518.312370
1 393 28.842241 518.835287
1 394 20.606789 519.227590
1 395 12.366149 519.489180
2 0 4.185574 527.583516
2 1 -4.185574 527.583516
2 2 -12.555668 527.450700
2 3 -20.922601 527.185101
2 4 -29.284268 526.786785
2 5 -37.638562 526.255854
2 6 -45.983380 525.592441
2 7 -54.316623 524.796713
2 8 -62.636192 523.868870
2 9 -70.939992 522.809146
2 10 -79.225934 521.617807
2 388 70.939992 522.809146
2 389 62.636192 523.868870
2 390 54.316623 524.796713
2 391 45.983380 525.592441
2 392 37.638562 526.255854
2 393 29.284268 526.786785
2 394 20.922601 527.185101
2 395 12.555668 527.450700
3 388 68.560093 531.299677
3 389 60.370291 532.292458
3 390 52.166172 533.159004
3 391 43.949681 533.899109
3 392 35.722768 534.512597
3 393 27.487383 534.999324
3 394 19.245479 535.359173
3 395 10.999010 535.592060
3 396 2.749934 535.697929
3 397 -5.499795 535.676754
3 398 -13.748220 535.528542
3 399 -21.993384 535.253327
3 400 -30.233332 534.851174
3 401 -38.466110 534.322179
3 402 -46.689766 533.666468
3 403 -54.902349 532.884195
3 404 -63.101912 531.975546
3 405 -71.286510 530.940737
3 406 -79.454202 529.780013
4 388 69.579574 539.200044
4 389 61.267991 540.207588
4 390 52.941877 541.087019
4 391 44.603208 541.838129
4 392 36.253962 542.460740
4 393 27.896117 542.954704
4 394 19.531657 543.319905
4 395 11.162564 543.556254
4 396 2.790825 543.663697
4 397 -5.581576 543.642208
4 398 -13.952654 543.491792
4 399 -22.320423 543.212484
4 400 -30.682898 542.804352
4 401 -39.038097 542.267491
4 402 -47.384038 541.602028
4 403 -55.718741 540.808123
4 404 -64.040231 539.885963
4 405 -72.346533 538.835767
4 406 -80.635677 537.657783
5 0 9.629710 551.685722
5 1 1.375741 551.768044
5 2 -6.878535 551.726882
5 3 -15.131273 551.562246
5 4 -23.380624 551.274172
5 5 -31.624742 550.862726
5 6 -39.861783 550.327998
5 7 -48.089903 549.670108
5 8 -56.307261 548.889205
5 9 -64.512017 547.985462
5 10 -72.702336 546.959082
5 412 75.428917 546.589741
5 413 67.243818 547.656951
5 414 59.043671 548.601597
5 415 50.830309 549.423467
5 416 42.605572 550.122379
5 417 34.371300 550.698176
5 418 26.129336 551.150728
5 419 17.881524 551.479934
6 0 9.768767 559.652302
6 1 1.395608 559.735813
6 2 -6.977864 559.694057
6 3 -15.349775 559.527044
6 4 -23.718250 559.234810
6 5 -32.081417 558.817422
6 6 -40.437405 558.274972
6 7 -48.784342 557.607583
6 8 -57.120362 556.815403
6 9 -65.443599 555.898609
6 10 -73.752189 554.857408
6 412 76.518143 554.482734
6 413 68.214848 555.565354
6 414 59.896287 556.523641
6 415 51.564321 557.357380
6 416 43.220815 558.066385
6 417 34.867636 558.650496
6 418 26.506655 559.109583
6 419 18.139741 559.443543
7 410 82.296799 561.835613
7 411 74.116815 562.973105
7 412 65.921153 563.991508
7 413 57.711546 564.890606
7 414 49.489731 565.670210
7 415 41.257447 566.330153
7 416 33.016435 566.870298
7 417 24.768439 567.290529
7 418 16.515204 567.590757
7 419 8.258476 567.770920
7 420 0.000000 567.830978
7 421 -8.258476 567.770920
7 422 -16.515204 567.590757
7 423 -24.768439 567.290529
7 424 -33.016435 566.870298
7 425 -41.257447 566.330153
7 426 -49.489731 565.670210
7 427 -57.711546 564.890606
7 428 -65.921153 563.991508
7 429 -74.116815 562.973105
7 430 -82.296799 561.835613
8 410 83.451842 569.721025
8 411 75.157051 570.874482
8 412 66.846362 571.907178
8 413 58.521532 572.818895
8 414 50.184323 573.609441
8 415 41.836498 574.278647
8 416 33.479824 574.826372
8 417 25.116067 575.252501
8 418 16.746997 575.556943
8 419 8.374384 575.739634
8 420 0.000000 575.800535
8 421 -8.374384 575.739634
8 422 -16.746997 575.556943
8 423 -25.116067 575.252501
8 424 -33.479824 574.826372
8 425 -41.836498 574.278647
8 426 -50.184323 573.609441
8 427 -58.521532 572.818895
8 428 -66.846362 571.907178
8 429 -75.157051 570.874482
8 430 -83.451842 569.721025
9 0 6.885505 583.848328
9 1 -1.377132 583.887304
9 2 -9.639493 583.809353
9 3 -17.899924 583.614490
9 4 -26.156771 583.302755
9 5 -34.408379 582.874209
9 6 -42.653097 582.328940
9 7 -50.889273 581.667055
9 8 -59.115259 580.888687
9 9 -67.329406 579.993993
9 10 -75.530070 578.983151
9 434 89.163422 577.040869
9 435 80.988878 578.244829
9 436 72.798115 579.332992
9 437 64.592774 580.305139
9 438 56.374498 581.161076
9 439 48.144932 581.900632
9 440 39.905725 582.523659
9 441 31.658527 583.030032
9 442 23.404989 583.419649
9 443 15.146764 583.692433
10 0 6.979506 591.818954
10 1 -1.395932 591.858462
10 2 -9.771090 591.779447
10 3 -18.144292 591.581924
10 4 -26.513860 591.265932
10 5 -34.878118 590.831537
10 6 -43.235392 590.278823
10 7 -51.584007 589.607902
10 8 -59.922293 588.818908
10 9 -68.248579 587.912000
10 10 -76.561197 586.887358
10 434 90.380670 584.918560
10 435 82.094528 586.138956
10 436 73.791946 587.241974
10 437 65.474586 588.227393
10 438 57.144115 589.095016
10 439 48.802201 589.844668
10 440 40.450513 590.476201
10 441 32.090725 590.989486
10 442 23.724511 591.384423
10 443 15.353546 591.660930
11 0 -93.307538 592.643522
11 434 87.859688 593.475624
11 435 79.674156 594.629859
11 436 71.473498 595.671201
11 437 63.259270 596.599452
11 438 55.033032 597.414434
11 439 46.796345 598.115995
11 440 38.550774 598.703999
11 441 30.297884 599.178337
11 442 22.039242 599.538917
11 443 13.776415 599.785671
11 444 5.510973 599.918553
11 445 -2.755516 599.937537
11 446 -11.021481 599.842619
11 447 -19.285354 599.633818
11 448 -27.545565 599.311174
11 449 -35.800547 598.874746
11 450 -44.048731 598.324619
11 451 -52.288553 597.660897
11 452 -60.518448 596.883706
11 453 -68.736853 595.993193
11 454 -76.942207 594.989527
11 455 -85.132954 593.872900
12 0 -94.547505 600.519183
12 434 89.027259 601.362343
12 435 80.732949 602.531917
12 436 72.423312 603.587098
12 437 64.099924 604.527684
12 438 55.764368 605.353497
12 439 47.418223 606.064380
12 440 39.063077 606.660199
12 441 30.700514 607.140839
12 442 22.332122 607.506211
12 443 13.959490 607.756245
12 444 5.584208 607.890892
12 445 -2.792134 607.910129
12 446 -11.167946 607.813950
12 447 -19.541637 607.602374
12 448 -27.911619 607.275442
12 449 -36.276301 606.833215
12 450 -44.634096 606.275777
12 451 -52.983418 605.603235
12 452 -61.322680 604.815715
12 453 -69.650299 603.913368
12 454 -77.964695 602.896365
12 455 -86.264289 601.764898
13 0 -4.135030 615.982138
13 1 -12.404345 615.871110
13 2 -20.671423 615.649076
13 3 -28.934776 615.316074
13 4 -37.192914 614.872165
13 5 -45.444348 614.317429
13 6 -53.687590 613.651966
13 7 -61.921156 612.875895
13 8 -70.143561 611.989357
13 9 -78.353323 610.992511
13 10 -86.548962 609.885538
13 456 94.729001 608.668636
13 457 86.548962 609.885538
13 458 78.353323 610.992511
13 459 70.143561 611.989357
13 460 61.921156 612.875895
13 461 53.687590 613.651966
13 462 45.444348 614.317429
13 463 37.192914 614.872165
13 464 28.934776 615.316074
13 465 20.671423 615.649076
13 466 12.404345 615.871110
13 467 4.135030 615.982138
14 0 -4.188558 623.956016
14 1 -12.564919 623.843552
14 2 -20.939015 623.618643
14 3 -29.309337 623.281331
14 4 -37.674376 622.831675
14 5 -46.032624 622.269758
14 6 -54.382575 621.595680
14 7 -62.722725 620.809564
14 8 -71.051568 619.911549
14 9 -79.367605 618.901800
14 10 -87.669337 617.780496
14 456 95.955267 616.547842
14 457 87.669337 617.780496
14 458 79.367605 618.901800
14 459 71.051568 619.911549
14 460 62.722725 620.809564
14 461 54.382575 621.595680
14 462 46.032624 622.269758
14 463 37.674376 622.831675
14 464 29.309337 623.281331
14 465 20.939015 623.618643
14 466 12.564919 623.843552
14 467 4.188558 623.956016
15 458 85.231936 626.272420
15 459 77.026981 627.334418
15 460 68.808828 628.288924
15 461 60.578885 629.135777
15 462 52.338562 629.874831
15 463 44.089272 630.505958
15 464 35.832426 631.029052
15 465 27.569441 631.444022
15 466 19.301733 631.750798
15 467 11.030717 631.949326
15 468 2.757810 632.039573
15 469 -5.515568 632.021523
15 470 -13.788002 631.895180
15 471 -22.058073 631.660564
15 472 -30.324365 631.317717
15 473 -38.585460 630.866697
15 474 -46.839944 630.307581
15 475 -55.086403 629.640465
15 476 -63.323422 628.865464
15 477 -71.549592 627.982709
15 478 -79.763502 626.992353
15 479 -87.963745 625.894565
16 458 86.307418 634.174911
16 459 77.998930 635.250309
16 460 69.677078 636.216860
16 461 61.343287 637.074399
16 462 52.998986 637.822778
16 463 44.645603 638.461869
16 464 36.284571 638.991564
16 465 27.917321 639.411770
16 466 19.545288 639.722417
16 467 11.169905 639.923450
16 468 2.792609 640.014836
16 469 -5.585165 639.996558
16 470 -13.961983 639.868621
16 471 -22.336408 639.631045
16 472 -30.707006 639.283872
16 473 -39.072343 638.827160
16 474 -47.430985 638.260989
16 475 -55.781499 637.585455
16 476 -64.122456 636.800675
16 477 -72.452426 635.906781
16 478 -80.769981 634.903929
