l c x y
0 189 68.798407 507.026228
0 190 60.745288 508.053961
0 191 52.676876 508.953793
0 192 44.595203 509.725500
0 193 36.502303 510.368885
0 194 28.400214 510.883788
0 195 20.290976 511.270079
0 196 12.176629 511.527660
0 197 4.059217 511.656467
0 198 -4.059217 511.656467
0 199 -12.176629 511.527660
0 200 -20.290976 511.270079
0 201 -28.400214 510.883788
0 202 -36.502303 510.368885
0 203 -44.595203 509.725500
0 204 -52.676876 508.953793
0 205 -60.745288 508.053961
0 206 -68.798407 507.026228
1 202 69.869200 514.917687
1 203 61.690740 515.961415
1 204 53.496749 516.875253
1 205 45.289291 517.658970
1 206 37.070432 518.312370
1 207 28.842241 518.835287
1 208 20.606789 519.227590
1 209 12.366149 519.489180
1 210 4.122395 519.619991
1 211 -4.122395 519.619991
1 212 -12.366149 519.489180
1 213 -20.606789 519.227590
1 214 -28.842241 518.835287
1 215 -37.070432 518.312370
1 216 -45.289291 517.658970
1 217 -53.496749 516.875253
1 218 -61.690740 515.961415
1 219 -69.869200 514.917687
1 220 -78.030070 513.744331
2 202 70.939992 522.809146
2 203 62.636192 523.868870
2 204 54.316623 524.796713
2 205 45.983380 525.592441
2 206 37.638562 526.255854
2 207 29.284268 526.786785
2 208 20.922601 527.185101
2 209 12.555668 527.450700
2 210 4.185574 527.583516
2 211 -4.185574 527.583516
2 212 -12.555668 527.450700
2 213 -20.922601 527.185101
2 214 -29.284268 526.786785
2 215 -37.638562 526.255854
2 216 -45.983380 525.592441
2 217 -54.316623 524.796713
2 218 -62.636192 523.868870
2 219 -70.939992 522.809146
2 220 -79.225934 521.617807
3 194 79.454202 529.780013
3 195 71.286510 530.940737
3 196 63.101912 531.975546
3 197 54.902349 532.884195
3 198 46.689766 533.666468
3 199 38.466110 534.322179
3 200 30.233332 534.851174
3 201 21.993384 535.253327
3 202 13.748220 535.528542
3 203 5.499795 535.676754
3 204 -2.749934 535.697929
3 205 -10.999010 535.592060
3 206 -19.245479 535.359173
3 207 -27.487383 534.999324
3 208 -35.722768 534.512597
3 209 -43.949681 533.899109
3 210 -52.166172 533.159004
3 211 -60.370291 532.292458
3 212 -68.560093 531.299677
4 194 80.635677 537.657783
4 195 72.346533 538.835767
4 196 64.040231 539.885963
4 197 55.718741 540.808123
4 198 47.384038 541.602028
4 199 39.038097 542.267491
4 200 30.682898 542.804352
4 201 22.320423 543.212484
4 202 13.952654 543.491792
4 203 5.581576 543.642208
4 204 -2.790825 543.663697
4 205 -11.162564 543.556254
4 206 -19.531657 543.319905
4 207 -27.896117 542.954704
4 208 -36.253962 542.460740
4 209 -44.603208 541.838129
4 210 -52.941877 541.087019
4 211 -61.267991 540.207588
4 212 -69.579574 539.200044
5 214 72.702336 546.959082
5 215 64.512017 547.985462
5 216 56.307261 548.889205
5 217 48.089903 549.670108
5 218 39.861783 550.327998
5 219 31.624742 550.862726
5 220 23.380624 551.274172
5 221 15.131273 551.562246
5 222 6.878535 551.726882
5 223 -1.375741 551.768044
5 224 -9.629710 551.685722
5 225 -17.881524 551.479934
5 226 -26.129336 551.150728
5 227 -34.371300 550.698176
5 228 -42.605572 550.122379
5 229 -50.830309 549.423467
5 230 -59.043671 548.601597
5 231 -67.243818 547.656951
5 232 -75.428917 546.589741
6 214 73.752189 554.857408
6 215 65.443599 555.898609
6 216 57.120362 556.815403
6 217 48.784342 557.607583
6 218 40.437405 558.274972
6 219 32.081417 558.817422
6 220 23.718250 559.234810
6 221 15.349775 559.527044
6 222 6.977864 559.694057
6 223 -1.395608 559.735813
6 224 -9.768767 559.652302
6 225 -18.139741 559.443543
6 226 -26.506655 559.109583
6 227 -34.867636 558.650496
6 228 -43.220815 558.066385
6 229 -51.564321 557.357380
6 230 -59.896287 556.523641
6 231 -68.214848 555.565354
6 232 -76.518143 554.482734
7 206 82.296799 561.835613
7 207 74.116815 562.973105
7 208 65.921153 563.991508
7 209 57.711546 564.890606
7 210 49.489731 565.670210
7 211 41.257447 566.330153
7 212 33.016435 566.870298
7 213 24.768439 567.290529
7 214 16.515204 567.590757
7 215 8.258476 567.770920
7 216 0.000000 567.830978
7 217 -8.258476 567.770920
7 218 -16.515204 567.590757
7 219 -24.768439 567.290529
7 220 -33.016435 566.870298
7 221 -41.257447 566.330153
7 222 -49.489731 565.670210
7 223 -57.711546 564.890606
7 224 -65.921153 563.991508
7 225 -74.116815 562.973105
7 226 -82.296799 561.835613
8 206 83.451842 569.721025
8 207 75.157051 570.874482
8 208 66.846362 571.907178
8 209 58.521532 572.818895
8 210 50.184323 573.609441
8 211 41.836498 574.278647
8 212 33.479824 574.826372
8 213 25.116067 575.252501
8 214 16.746997 575.556943
8 215 8.374384 575.739634
8 216 0.000000 575.800535
8 217 -8.374384 575.739634
8 218 -16.746997 575.556943
8 219 -25.116067 575.252501
8 220 -33.479824 574.826372
8 221 -41.836498 574.278647
8 222 -50.184323 573.609441
8 223 -58.521532 572.818895
8 224 -66.846362 571.907178
8 225 -75.157051 570.874482
8 226 -83.451842 569.721025
9 226 75.530070 578.983151
9 227 67.329406 579.993993
9 228 59.115259 580.888687
9 229 50.889273 581.667055
9 230 42.653097 582.328940
9 231 34.408379 582.874209
9 232 26.156771 583.302755
9 233 17.899924 583.614490
9 234 9.639493 583.809353
9 235 1.377132 583.887304
9 236 -6.885505 583.848328
9 237 -15.146764 583.692433
9 238 -23.404989 583.419649
9 239 -31.658527 583.030032
9 240 -39.905725 582.523659
9 241 -48.144932 581.900632
9 242 -56.374498 581.161076
9 243 -64.592774 580.305139
9 244 -72.798115 579.332992
9 245 -80.988878 578.244829
9 246 -89.163422 577.040869
10 226 76.561197 586.887358
10 227 68.248579 587.912000
10 228 59.922293 588.818908
10 229 51.584007 589.607902
10 230 43.235392 590.278823
10 231 34.878118 590.831537
10 232 26.513860 591.265932
10 233 18.144292 591.581924
10 234 9.771090 591.779447
10 235 1.395932 591.858462
10 236 -6.979506 591.818954
10 237 -15.353546 591.660930
10 238 -23.724511 591.384423
10 239 -32.090725 590.989486
10 240 -40.450513 590.476201
10 241 -48.802201 589.844668
10 242 -57.144115 589.095016
10 243 -65.474586 588.227393
10 244 -73.791946 587.241974
10 245 -82.094528 586.138956
10 246 -90.380670 584.918560
11 218 93.307538 592.643522
11 219 85.132954 593.872900
11 220 76.942207 594.989527
11 221 68.736853 595.993193
11 222 60.518448 596.883706
11 223 52.288553 597.660897
11 224 44.048731 598.324619
11 225 35.800547 598.874746
11 226 27.545565 599.311174
11 227 19.285354 599.633818
11 228 11.021481 599.842619
11 229 2.755516 599.937537
11 230 -5.510973 599.918553
11 231 -13.776415 599.785671
11 232 -22.039242 599.538917
11 233 -30.297884 599.178337
11 234 -38.550774 598.703999
11 235 -46.796345 598.115995
11 236 -55.033032 597.414434
11 237 -63.259270 596.599452
11 238 -71.473498 595.671201
11 239 -79.674156 594.629859
11 240 -87.859688 593.475624
12 218 94.547505 600.519183
12 219 86.264289 601.764898
12 220 77.964695 602.896365
12 221 69.650299 603.913368
12 222 61.322680 604.815715
12 223 52.983418 605.603235
12 224 44.634096 606.275777
12 225 36.276301 606.833215
12 226 27.911619 607.275442
12 227 19.541637 607.602374
12 228 11.167946 607.813950
12 229 2.792134 607.910129
12 230 -5.584208 607.890892
12 231 -13.959490 607.756245
12 232 -22.332122 607.506211
12 233 -30.700514 607.140839
12 234 -39.063077 606.660199
12 235 -47.418223 606.064380
12 236 -55.764368 605.353497
12 237 -64.099924 604.527684
12 238 -72.423312 603.587098
12 239 -80.732949 602.531917
12 240 -89.027259 601.362343
13 236 94.729001 608.668636
13 237 86.548962 609.885538
13 238 78.353323 610.992511
13 239 70.143561 611.989357
13 240 61.921156 612.875895
13 241 53.687590 613.651966
13 242 45.444348 614.317429
13 243 37.192914 614.872165
13 244 28.934776 615.316074
13 245 20.671423 615.649076
13 246 12.404345 615.871110
13 247 4.135030 615.982138
13 248 -4.135030 615.982138
13 249 -12.404345 615.871110
13 250 -20.671423 615.649076
13 251 -28.934776 615.316074
13 252 -37.192914 614.872165
13 253 -45.444348 614.317429
13 254 -53.687590 613.651966
13 255 -61.921156 612.875895
13 256 -70.143561 611.989357
13 257 -78.353323 610.992511
13 258 -86.548962 609.885538
14 236 95.955267 616.547842
14 237 87.669337 617.780496
14 238 79.367605 618.901800
14 239 71.051568 619.911549
14 240 62.722725 620.809564
14 241 54.382575 621.595680
14 242 46.032624 622.269758
14 243 37.674376 622.831675
14 244 29.309337 623.281331
14 245 20.939015 623.618643
14 246 12.564919 623.843552
14 247 4.188558 623.956016
14 248 -4.188558 623.956016
14 249 -12.564919 623.843552
14 250 -20.939015 623.618643
14 251 -29.309337 623.281331
14 252 -37.674376 622.831675
14 253 -46.032624 622.269758
14 254 -54.382575 621.595680
14 255 -62.722725 620.809564
14 256 -71.051568 619.911549
14 257 -79.367605 618.901800
14 258 -87.669337 617.780496
15 230 87.963745 625.894565
15 231 79.763502 626.992353
15 232 71.549592 627.982709
15 233 63.323422 628.865464
15 234 55.086403 629.640465
15 235 46.839944 630.307581
15 236 38.585460 630.866697
15 237 30.324365 631.317717
15 238 22.058073 631.660564
15 239 13.788002 631.895180
15 240 5.515568 632.021523
15 241 -2.757810 632.039573
15 242 -11.030717 631.949326
15 243 -19.301733 631.750798
15 244 -27.569441 631.444022
15 245 -35.832426 631.029052
15 246 -44.089272 630.505958
15 247 -52.338562 629.874831
15 248 -60.578885 629.135777
15 249 -68.808828 628.288924
15 250 -77.026981 627.334418
15 251 -85.231936 626.272420
16 230 89.073697 633.792289
16 231 80.769981 634.903929
16 232 72.452426 635.906781
16 233 64.122456 636.800675
16 234 55.781499 637.585455
16 235 47.430985 638.260989
16 236 39.072343 638.827160
16 237 30.707006 639.283872
16 238 22.336408 639.631045
16 239 13.961983 639.868621
16 240 5.585165 639.996558
16 241 -2.792609 640.014836
16 242 -11.169905 639.923450
16 243 -19.545288 639.722417
16 244 -27.917321 639.411770
16 245 -36.284571 638.991564
16 246 -44.645603 638.461869
16 247 -52.998986 637.822778
16 248 -61.343287 637.074399
16 249 -69.677078 636.216860
16 250 -77.998930 635.250309
16 251 -86.307418 634.174911
