l1/I l2/I w1/I w2/I z x
1 2 0 0 -9.120450 63.252024
1 2 0 1 114.301951 54.918274
1 2 0 2 237.778952 46.580837
1 2 0 3 361.368973 38.235768
1 2 0 4 485.130636 29.879110
1 2 0 5 609.122905 21.506881
1 2 0 6 733.405162 13.115071
1 2 0 7 858.037368 4.699632
1 2 0 8 983.080123 -3.743529
1 2 1 0 -132.408141 54.953282
1 2 1 1 -9.003263 46.593300
1 2 1 2 114.397848 38.233573
1 2 1 3 237.853469 29.870154
1 2 1 4 361.421966 21.499088
1 2 1 5 485.161935 13.116405
1 2 1 6 609.132279 4.718116
1 2 1 7 733.392361 -3.699801
1 2 1 8 858.002068 -12.141404
1 2 2 0 -255.762137 46.650077
1 2 2 1 -132.312471 38.268057
1 2 2 2 -8.924938 29.890255
1 2 2 3 114.458711 21.512718
1 2 2 4 237.896711 13.131490
1 2 2 5 361.447403 4.742610
1 2 2 6 485.169336 -3.657896
1 2 2 7 609.121398 -12.074028
1 2 2 8 733.362888 -20.509812
1 2 3 0 -379.244945 38.338201
1 2 3 1 -255.688089 29.938330
1 2 3 2 -132.251850 21.546659
1 2 3 3 -8.877885 13.159221
1 2 3 4 114.492021 4.772059
1 2 3 5 237.916079 -3.618784
1 2 3 6 361.452600 -12.017273
1 2 3 7 485.160118 -20.427387
1 2 3 8 609.097469 -28.853126
1 2 4 0 -502.919337 30.013429
1 2 4 1 -379.192670 21.599896
1 2 4 2 -255.645339 13.198557
1 2 4 3 -132.218790 4.805432
1 2 4 4 -8.854708 -3.583445
1 2 4 5 114.505104 -11.972032
1 2 4 6 237.918839 -20.364286
1 2 4 7 361.444795 -28.764171
1 2 4 8 485.141464 -37.175665
1 2 5 0 -626.848441 21.671513
1 2 5 1 -502.889003 13.248516
1 2 5 2 -379.167975 4.841719
1 2 5 3 -255.626472 -3.552879
1 2 5 4 -132.205962 -11.939256
1 2 5 5 -8.848142 -20.321373
1 2 5 6 114.505177 -28.703184
1 2 5 7 237.912180 -37.088643
1 2 5 8 361.431133 -45.481709
1 2 6 0 -751.095945 13.308164
1 2 6 1 -626.840300 4.879922
1 2 6 2 -502.882614 -3.528109
1 2 6 3 -379.163552 -11.919955
1 2 6 4 -255.624244 -20.299607
1 2 6 5 -132.206165 -28.671037
1 2 6 6 -8.851008 -37.038199
1 2 6 7 114.499411 -45.405039
1 2 6 8 237.903255 -53.775504
1 2 7 0 -875.726176 4.919052
1 2 7 1 -751.110281 -3.510188
1 2 7 2 -626.852493 -11.915206
1 2 7 3 -502.892906 -20.300053
1 2 7 4 -379.172188 -28.668742
1 2 7 5 -255.631473 -37.025256
1 2 7 6 -132.212222 -45.373553
1 2 7 7 -8.856127 -53.717579
1 2 7 8 114.494985 -62.061267
1 2 8 0 -1000.804224 -3.500202
1 2 8 1 -875.763301 -11.926159
1 2 8 2 -751.141360 -20.323883
1 2 8 3 -626.877792 -28.697458
1 2 8 4 -502.912687 -37.050920
1 2 8 5 -379.186715 -45.388269
1 2 8 6 -255.640983 -53.713472
1 2 8 7 -132.216946 -62.030474
1 2 8 8 -8.856300 -70.343205
2 3 0 0 71.073513 66.052092
2 3 0 1 -52.826360 57.712143
2 3 0 2 -176.750348 49.370570
2 3 0 3 -300.753716 41.023654
2 3 0 4 -424.891889 32.667665
2 3 0 5 -549.220498 24.298856
2 3 0 6 -673.795547 15.913460
2 3 0 7 -798.673465 7.507676
2 3 0 8 -923.911246 -0.922330
2 3 1 0 194.869709 57.759871
2 3 1 1 70.958149 49.393960
2 3 1 2 -52.922250 41.030153
2 3 1 3 -176.826674 32.664723
2 3 1 4 -300.810370 24.293942
2 3 1 5 -424.928697 15.914071
2 3 1 6 -549.237277 7.521355
2 3 1 7 -673.792060 -0.887984
2 3 1 8 -798.649458 -9.317753
2 3 2 0 318.758097 49.461476
2 3 2 1 194.775886 41.073545
2 3 2 2 70.880164 32.691465
2 3 2 3 -52.984282 24.311502
2 3 2 4 -176.872626 15.929922
2 3 2 5 -300.840059 7.542991
2 3 2 6 -424.941931 -0.853035
2 3 2 7 -549.233822 -9.261917
2 3 2 8 -673.771671 -17.687439
2 3 3 0 442.797880 41.152939
2 3 3 1 318.685920 32.746927
2 3 3 2 194.715934 24.350531
2 3 3 3 70.832578 15.960003
2 3 3 4 -53.019356 7.571603
2 3 3 5 -176.894996 -0.818403
2 3 3 6 -300.849528 -9.213753
2 3 3 7 -424.938265 -17.618191
2 3 3 8 -549.216782 -26.035484
2 3 4 0 567.048536 32.830277
2 3 4 1 442.747483 24.410127
2 3 4 2 318.644153 16.003371
2 3 4 3 194.682962 7.606243
2 3 4 4 70.808565 -0.785006
2 3 4 5 -53.034208 -9.174112
2 3 4 6 -176.900482 -17.564811
2 3 4 7 -300.845415 -25.960837
2 3 4 8 -424.924321 -34.365940
2 3 5 0 691.569964 24.489479
2 3 5 1 567.020109 16.059144
2 3 5 2 442.724095 7.645990
2 3 5 3 318.625995 -0.753767
2 3 5 4 194.670218 -9.143891
2 3 5 5 70.801445 -17.528126
2 3 5 6 -53.035491 -25.910206
2 3 5 7 -176.895696 -34.293861
2 3 5 8 -300.834333 -42.682825
2 3 6 0 816.422558 16.126498
2 3 6 1 691.563718 7.689951
2 3 6 2 567.015316 -0.725621
2 3 6 3 442.720971 -9.124025
2 3 6 4 318.624744 -17.509044
2 3 6 5 194.671060 -25.884430
2 3 6 6 70.804601 -34.253924
2 3 6 7 -53.029790 -42.621250
2 3 6 8 -176.887230 -50.990134
2 3 7 0 941.667376 7.737244
2 3 7 1 816.438772 -0.701515
2 3 7 2 691.577792 -9.115502
2 3 7 3 567.027493 -17.508552
2 3 7 4 442.731475 -25.884468
2 3 7 5 318.633802 -34.247017
2 3 7 6 194.678903 -42.599946
2 3 7 7 70.811460 -50.946981
2 3 7 8 -53.023702 -59.291841
2 3 8 0 1067.366203 -0.682420
2 3 8 1 941.706342 -9.119358
2 3 8 2 816.471995 -17.527726
2 3 8 3 691.605541 -25.911394
2 3 8 4 567.050012 -34.274186
2 3 8 5 442.749001 -42.619889
2 3 8 6 318.646576 -50.952259
2 3 8 7 194.687154 -59.275028
2 3 8 8 70.815395 -67.591911
3 4 0 0 -71.388151 72.996629
3 4 0 1 53.003987 64.664491
3 4 0 2 177.419050 56.330817
3 4 0 3 301.909484 47.992094
3 4 0 4 426.527871 39.644801
3 4 0 5 551.327005 31.285401
3 4 0 6 676.359988 22.910337
3 4 0 7 801.680313 14.516026
3 4 0 8 927.341997 6.098850
3 4 0 9 1053.399572 -2.344844
3 4 1 0 -195.666300 64.712880
3 4 1 1 -71.264180 56.353195
3 4 1 2 53.108421 47.995493
3 4 1 3 177.503871 39.636256
3 4 1 4 301.974596 31.271961
3 4 1 5 426.573138 22.899076
3 4 1 6 551.352259 14.514057
3 4 1 7 676.365022 6.113337
3 4 1 8 801.664915 -2.306677
3 4 1 9 927.305857 -10.749610
3 4 2 0 -320.031748 56.423312
3 4 2 1 -195.563781 48.039796
3 4 2 2 -71.177824 39.661804
3 4 2 3 53.178509 31.285808
3 4 2 4 177.557580 22.908280
3 4 2 5 302.011775 14.525692
3 4 2 6 426.593613 6.134507
3 4 2 7 551.355823 -2.268827
3 4 2 8 676.351463 -10.687884
3 4 2 9 801.633939 -19.126261
3 4 3 0 -444.540554 48.124188
3 4 3 1 -319.950755 39.720554
3 4 3 2 -195.495600 31.326001
3 4 3 3 -71.122589 22.936989
3 4 3 4 53.220672 14.549984
3 4 3 5 177.586507 6.161457
3 4 3 6 302.027286 -2.232126
3 4 3 7 426.595499 -10.634304
3 4 3 8 551.343874 -19.048635
3 4 3 9 676.325399 -27.478691
3 4 4 0 -569.249052 39.811754
3 4 4 1 -444.481219 31.391715
3 4 4 2 -319.900897 22.984330
3 4 4 3 -195.455380 14.586042
3 4 4 4 -71.092150 6.193308
3 4 4 5 53.241154 -2.197407
3 4 4 6 177.596844 -10.589632
3 4 4 7 302.027268 -18.986901
3 4 4 8 426.584918 -27.392756
3 4 4 9 551.322462 -35.810751
3 4 5 0 -694.213898 31.482233
3 4 5 1 -569.211509 23.049511
3 4 5 2 -444.449830 14.633027
3 4 5 3 -319.875853 6.229206
3 4 5 4 -195.436838 -2.165511
3 4 5 5 -71.080299 -10.554663
3 4 5 6 53.246118 -18.941784
3 4 5 7 177.594710 -27.330401
3 4 5 8 302.017828 -35.724045
3 4 5 9 426.567918 -44.126254
3 4 6 0 -819.492243 23.131815
3 4 6 1 -694.198350 14.690148
3 4 6 2 -569.198795 6.268312
3 4 6 3 -444.440169 -2.137292
3 4 6 4 -319.869418 -10.530238
3 4 6 5 -195.433832 -18.914077
3 4 6 6 -71.080925 -27.292345
3 4 6 7 53.241647 -35.668570
3 4 6 8 177.586187 -44.046274
3 4 6 9 302.005013 -52.428984
3 4 7 0 -945.141790 14.756655
3 4 7 1 -819.498917 6.309803
3 4 7 2 -694.204537 -2.113621
3 4 7 3 -569.204741 -10.517240
3 4 7 4 -444.446065 -18.904649
3 4 7 5 -319.875479 -27.279413
3 4 7 6 -195.440268 -35.645076
3 4 7 7 -71.087952 -44.005166
3 4 7 8 53.233823 -52.363202
3 4 7 9 177.577339 -60.722700
3 4 8 0 -1071.220940 6.352861
3 4 8 1 -945.170974 -2.095388
3 4 8 2 -819.524283 -10.516609
3 4 8 3 -694.226361 -18.914453
3 4 8 4 -569.223230 -27.292540
3 4 8 5 -444.461448 -35.654451
3 4 8 6 -319.887975 -44.003741
3 4 8 7 -195.450095 -52.343944
3 4 8 8 -71.095314 -60.678576
3 4 8 9 53.228711 -69.011147
4 5 0 0 71.703735 79.936458
4 5 0 1 -53.179073 71.612405
4 5 0 2 -178.083702 63.286898
4 5 0 3 -303.059995 54.956614
4 5 0 4 -428.157922 46.618222
4 5 0 5 -553.427656 38.268379
4 5 0 6 -678.919638 29.903721
4 5 0 7 -804.684660 21.520864
4 5 0 8 -930.773946 13.116394
4 5 0 9 -1057.239288 4.686857
4 5 1 0 196.462791 71.661345
4 5 1 1 71.571494 63.308373
4 5 1 2 -53.291783 54.957275
4 5 1 3 -178.176822 46.604721
4 5 1 4 -303.133444 38.247379
4 5 1 5 -428.211594 29.881910
4 5 1 6 -553.461407 21.504959
4 5 1 7 -678.933285 13.113156
4 5 1 8 -804.677982 4.703107
4 5 1 9 -930.746727 -3.728616
4 5 2 0 321.304653 63.380741
4 5 2 1 196.351857 55.002358
4 5 2 2 71.476960 46.629198
4 5 2 3 -53.369838 38.257923
4 5 2 4 -178.238296 29.885196
4 5 2 5 -303.178217 21.507676
4 5 2 6 -428.239514 13.122018
4 5 2 7 -553.472289 4.724862
4 5 2 8 -678.926911 -3.687169
4 5 2 9 -804.654139 -12.117479
4 5 3 0 446.282498 55.091116
4 5 3 1 321.215081 46.690827
4 5 3 2 196.275571 38.299129
4 5 3 3 71.414061 29.912670
4 5 3 4 -53.419229 21.528106
4 5 3 5 -178.274043 13.142096
4 5 3 6 -303.200161 4.751298
4 5 3 7 -428.247468 -3.647641
4 5 3 8 -553.466036 -12.058082
4 5 3 9 -678.906244 -20.483410
4 5 4 0 571.449735 46.788930
4 5 4 1 446.214383 38.370238
4 5 4 2 321.157159 29.963520
4 5 4 3 196.227963 21.565409
4 5 4 4 71.376908 13.172551
4 5 4 5 -53.445776 4.781600
4 5 4 6 -178.289818 -3.610786
4 5 4 7 -303.204974 -12.007953
4 5 4 8 -428.241105 -20.413253
4 5 4 9 -553.448294 -28.830051
4 5 5 0 696.860088 38.470617
4 5 5 1 571.403204 30.037034
4 5 5 2 446.174963 21.618820
4 5 5 3 321.124991 13.212590
4 5 5 4 196.203208 4.814977
4 5 5 5 71.359732 -3.577371
4 5 5 6 -53.455198 -11.967801
4 5 5 7 -178.291295 -20.359654
4 5 5 8 -303.198294 -28.756272
4 5 5 9 -428.226067 -37.161010
4 5 6 0 822.567703 30.132588
4 5 6 1 696.835308 21.687635
4 5 6 2 571.382458 13.261458
4 5 6 3 446.158415 4.850649
4 5 6 4 321.112819 -3.548175
4 5 6 5 196.195595 -11.938376
4 5 6 6 71.356861 -20.323305
4 5 6 7 -53.453135 -28.706305
4 5 6 8 -178.284087 -37.090711
4 5 6 9 -303.185742 -45.479867
4 5 7 0 948.627226 21.771218
4 5 7 1 822.564871 13.318436
4 5 7 2 696.833436 4.887844
4 5 7 3 571.381729 -3.523992
4 5 7 4 446.159027 -11.920472
4 5 7 5 321.114972 -20.304974
4 5 7 6 196.199479 -28.680855
4 5 7 7 71.362671 -37.051461
4 5 7 8 -53.445189 -45.420125
4 5 7 9 -178.273810 -53.790182
4 5 8 0 1075.093944 13.382838
4 5 8 1 948.646611 4.925795
4 5 8 2 822.582134 -3.505642
4 5 8 3 696.848780 -11.914933
4 5 8 4 571.395374 -20.305500
4 5 8 5 446.171188 -28.680737
4 5 8 6 321.125847 -37.044012
4 5 8 7 196.209265 -45.398676
4 5 8 8 71.371578 -53.748063
4 5 8 9 -53.436970 -62.095501
4 5 9 0 1202.023780 4.963741
4 5 9 1 1075.135787 -3.493968
4 5 9 2 948.683243 -11.922651
4 5 9 3 822.613781 -20.325800
4 5 9 4 696.875682 -28.706863
4 5 9 5 571.417762 -37.069250
4 5 9 6 446.189268 -45.416344
4 5 9 7 321.139820 -53.751504
4 5 9 8 196.219339 -62.078068
4 5 9 9 71.377940 -70.399361
5 6 0 0 -9.333780 82.713626
5 6 0 1 116.042708 74.397560
5 6 0 2 241.463708 66.078542
5 6 0 3 366.976704 57.753421
5 6 0 4 492.629346 49.419039
5 6 0 5 618.469473 41.072220
5 6 0 6 744.545218 32.709773
5 6 0 7 870.905093 24.328481
5 6 0 8 997.597995 15.925099
5 6 0 9 1124.673398 7.496346
5 6 0 10 1252.181308 -0.961095
5 6 1 0 -134.563321 74.431805
5 6 1 1 -9.203372 66.087210
5 6 1 2 116.153635 57.742810
5 6 1 3 241.555095 49.395451
5 6 1 4 367.048483 41.041974
5 6 1 5 492.681398 32.679208
5 6 1 6 618.501658 24.303972
5 6 1 7 744.557381 15.913062
5 6 1 8 870.897005 7.503255
5 6 1 9 997.569455 -0.928707
5 6 1 10 1124.624118 -9.386112
5 6 2 0 -259.846330 66.146448
5 6 2 1 -134.452562 57.776653
5 6 2 2 -9.109189 49.410222
5 6 2 3 116.231169 41.043991
5 6 2 4 241.615894 32.674799
5 6 2 5 367.092417 24.299480
5 6 2 6 492.708319 15.914858
5 6 2 7 618.511407 7.517741
5 6 2 8 744.549736 -0.895077
5 6 2 9 870.871766 -9.326832
5 6 2 10 997.526347 -17.780784
5 6 3 0 -385.233259 57.854219
5 6 3 1 -259.755263 49.462546
5 6 3 2 -134.375191 41.077422
5 6 3 3 -9.045599 32.695673
5 6 3 4 116.280873 24.314134
5 6 3 5 241.651568 15.929637
5 6 3 6 367.113909 7.539010
5 6 3 7 492.715465 -0.860926
5 6 3 8 618.503990 -9.273367
5 6 3 9 744.527558 -17.701527
5 6 3 10 870.834566 -26.148642
5 6 4 0 -510.774739 49.551769
5 6 4 1 -385.161968 41.141538
5 6 4 2 -259.694803 32.741055
5 6 4 3 -134.325660 24.347136
5 6 4 4 -9.007122 15.956605
5 6 4 5 116.308141 7.566293
5 6 4 6 241.667469 -0.826969
5 6 4 7 367.118273 -9.226356
5 6 4 8 492.708082 -17.635050
5 6 4 9 618.484663 -26.056248
5 6 4 10 744.496039 -34.493167
5 6 5 0 -636.521659 41.235732
5 6 5 1 -510.723349 32.810267
5 6 5 2 -385.118554 24.397762
5 6 5 3 -259.659476 15.995017
5 6 5 4 -134.298564 7.598846
5 6 5 5 -8.988424 -0.793923
5 6 5 6 116.318277 -9.186463
5 6 5 7 241.668869 -17.581942
5 6 5 8 367.110731 -25.983534
5 6 5 9 492.691403 -34.394423
5 6 5 10 618.458611 -42.817806
5 6 6 0 -762.525229 32.902722
5 6 6 1 -636.490314 24.465354
5 6 6 2 -510.697134 16.044169
5 6 6 3 -385.097593 7.635947
5 6 6 4 -259.643931 -0.762509
5 6 6 5 -134.288614 -9.154382
5 6 6 6 -8.984240 -17.542844
5 6 6 7 116.316515 -25.931064
5 6 6 8 241.660960 -34.322209
5 6 6 9 367.096483 -42.719451
5 6 6 10 492.670592 -51.125971
5 6 7 0 -888.837064 24.549326
5 6 7 1 -762.514101 16.103401
5 6 7 2 -636.481475 7.676889
5 6 7 3 -510.690718 -0.733453
5 6 7 4 -385.093784 -9.130835
5 6 7 5 -259.642920 -17.518451
5 6 7 6 -134.290578 -25.899480
5 6 7 7 -8.989364 -34.277091
5 6 7 8 116.308035 -42.654447
5 6 7 9 241.648933 -51.034711
5 6 7 10 367.080697 -59.421050
5 6 8 0 -1015.509279 16.172097
5 6 8 1 -888.846354 7.720981
5 6 8 2 -762.522836 -0.707489
5 6 8 3 -636.489803 -9.116577
5 6 8 4 -510.698842 -17.509514
5 6 8 5 -385.101907 -25.889505
5 6 8 6 -259.651226 -34.259738
5 6 8 7 -134.299258 -42.623385
5 6 8 8 -8.998609 -50.983608
5 6 8 9 116.298036 -59.343564
5 6 8 10 241.637979 -67.706408
5 6 9 0 -1142.594615 7.767546
5 6 9 1 -1015.539260 -0.685369
5 6 9 2 -888.872928 -9.112403
5 6 9 3 -762.546163 -17.516846
5 6 9 4 -636.510107 -25.901948
5 6 9 5 -510.716339 -34.270931
5 6 9 6 -385.116787 -42.626993
5 6 9 7 -259.663686 -50.973312
5 6 9 8 -134.309484 -59.313051
5 6 9 9 -9.006789 -67.649363
5 6 9 10 116.291712 -75.985396
6 7 0 0 72.258462 85.511627
6 7 0 1 -53.591426 77.188781
6 7 0 2 -179.461150 68.864622
6 7 0 3 -305.395909 60.536163
6 7 0 4 -431.441035 52.200405
6 7 0 5 -557.641973 43.854343
6 7 0 6 -684.044431 35.494954
6 7 0 7 -810.694380 27.119197
6 7 0 8 -937.638188 18.724006
6 7 0 9 -1064.922611 10.306290
6 7 0 10 -1192.594919 1.862921
6 7 1 0 197.987489 77.236826
6 7 1 1 72.130229 68.885922
6 7 1 2 -53.701662 60.536702
6 7 1 3 -179.553325 52.186170
6 7 1 4 -305.469974 43.831326
6 7 1 5 -431.496869 35.469167
6 7 1 6 -557.679464 27.096677
6 7 1 7 -684.063416 18.710826
6 7 1 8 -810.694704 10.308565
6 7 1 9 -937.619629 1.886819
6 7 1 10 -1064.884937 -6.557511
6 7 2 0 323.791372 68.957098
6 7 2 1 197.878789 60.581287
6 7 2 2 72.036817 52.210173
6 7 2 3 -53.779701 43.840753
6 7 2 4 -179.615925 35.470021
6 7 2 5 -305.517005 27.094975
6 7 2 6 -431.528210 18.712604
6 7 2 7 -557.694950 10.319886
6 7 2 8 -684.062888 1.913784
6 7 2 9 -810.677946 -6.508756
6 7 2 10 -937.586417 -14.950815
6 7 3 0 449.718174 60.669281
6 7 3 1 323.702243 52.271706
6 7 3 2 197.802269 43.881858
6 7 3 3 71.973007 35.496723
6 7 3 4 -53.830717 27.113289
6 7 3 5 -179.654011 18.728551
6 7 3 6 -305.542026 10.339501
6 7 3 7 -431.539999 1.943123
6 7 3 8 -557.693345 -6.463609
6 7 3 9 -684.047680 -14.883735
6 7 3 10 -810.648917 -23.320314
6 7 4 0 575.816180 52.370195
6 7 4 1 449.648715 43.954000
6 7 4 2 323.642722 35.548576
6 7 4 3 197.752805 27.150896
6 7 4 4 71.933703 18.757938
6 7 4 5 -53.859716 10.366695
6 7 4 6 -179.672559 1.974155
6 7 4 7 -305.549955 -6.422690
6 7 4 8 -431.537144 -14.826860
6 7 4 9 -557.679502 -23.241380
6 7 4 10 -684.022638 -31.669294
6 7 5 0 702.133909 44.056649
6 7 5 1 575.766490 35.624982
6 7 5 2 449.606302 27.207141
6 7 5 3 323.607726 18.800084
6 7 5 4 197.725344 10.400779
6 7 5 5 71.913931 2.006210
6 7 5 6 -53.871641 -6.386635
6 7 5 7 -179.676466 -14.780764
6 7 5 8 -305.545678 -23.179190
6 7 5 9 -431.524483 -31.584928
6 7 5 10 -557.658253 -40.001006
6 7 6 0 828.720225 35.725426
6 7 6 1 702.104128 27.281443
6 7 6 2 575.741334 18.854352
6 7 6 3 449.585928 10.441092
6 7 6 4 323.592270 2.038618
6 7 6 5 197.714969 -6.356095
6 7 6 6 71.908808 -14.746064
6 7 6 7 -53.871343 -23.134299
6 7 6 8 -179.670574 -31.523806
6 7 6 9 -305.533998 -39.917594
6 7 6 10 -431.506818 -48.318677
6 7 7 0 955.624422 27.373282
6 7 7 1 828.710540 18.920154
6 7 7 2 702.096415 10.486991
6 7 7 3 575.735769 2.070711
6 7 7 4 449.582665 -6.331745
6 7 7 5 323.591480 -14.723417
6 7 7 6 197.716835 -23.107326
6 7 7 7 71.913501 -31.486486
6 7 7 8 -53.863646 -39.863902
6 7 7 9 -179.659685 -48.242576
6 7 7 10 -305.519725 -56.625513
6 7 8 0 1082.896235 18.996943
6 7 8 1 955.635005 10.537860
6 7 8 2 828.720444 2.101820
6 7 8 3 702.105835 -6.314282
6 7 8 4 575.744877 -14.713524
6 7 8 5 449.591641 -23.098958
6 7 8 6 323.600519 -31.473617
6 7 8 7 197.726110 -39.840518
6 7 8 8 71.923193 -48.202666
6 7 8 9 -53.853353 -56.563062
6 7 8 10 -179.648607 -64.924702
6 7 9 0 1210.586036 10.593094
6 7 9 1 1082.927353 2.131270
6 7 9 2 955.662783 -6.304430
6 7 9 3 828.745097 -14.717137
6 7 9 4 702.127553 -23.109949
6 7 9 5 575.763849 -31.485936
6 7 9 6 449.608073 -39.848140
6 7 9 7 323.614588 -48.199587
6 7 9 8 197.738000 -56.543285
6 7 9 9 71.933082 -64.882233
6 7 9 10 -53.845286 -73.219420
6 7 10 0 1338.744789 2.158382
6 7 10 1 1210.637933 -6.302940
6 7 10 2 1082.973242 -14.735057
6 7 10 3 955.702897 -23.141128
6 7 10 4 828.779646 -31.524274
6 7 10 5 702.156734 -39.887583
6 7 10 6 575.787881 -48.234111
6 7 10 7 449.627137 -56.566894
6 7 10 8 323.628870 -64.888946
6 7 10 9 197.747675 -73.203265
6 7 10 10 71.938322 -81.512839
7 8 0 0 53.763911 84.130889
7 8 0 1 180.119510 75.814850
7 8 0 2 306.537212 67.494724
7 8 0 3 433.060248 59.167666
7 8 0 4 559.732006 50.830819
7 8 0 5 686.596060 42.481317
7 8 0 6 813.696282 34.116271
7 8 0 7 941.076820 25.732777
7 8 0 8 1068.782260 17.327899
7 8 0 9 1196.857625 8.898675
7 8 1 0 -72.437200 75.835437
7 8 1 1 53.881522 67.493147
7 8 1 2 180.219161 59.149608
7 8 1 3 306.618838 50.801972
7 8 1 4 433.123772 42.447385
7 8 1 5 559.777309 34.082984
7 8 1 6 686.623028 25.705890
7 8 1 7 813.704732 17.313212
7 8 1 8 941.066589 8.902032
7 8 1 9 1068.753146 0.469409
7 8 2 0 -198.663926 67.538301
7 8 2 1 -72.336417 59.172766
7 8 2 2 53.966854 50.808835
7 8 2 3 180.288964 42.443658
7 8 2 4 306.673020 34.074378
7 8 2 5 433.162208 25.698137
7 8 2 6 559.799878 17.312062
7 8 2 7 686.629549 8.913273
7 8 2 8 813.695040 0.498868
7 8 2 9 941.040488 -7.934076
7 8 3 0 -324.961983 59.236476
7 8 3 1 -198.580011 50.850693
7 8 3 2 -72.265463 42.469383
7 8 3 3 54.024756 34.089688
7 8 3 4 180.333707 25.708750
7 8 3 5 306.704474 17.323711
7 8 3 6 433.180243 8.931704
7 8 3 7 559.804315 0.529857
7 8 3 8 686.620223 -7.884719
7 8 3 9 813.671759 -16.314930
7 8 4 0 -451.377233 50.926948
7 8 4 1 -324.895041 42.523911
7 8 4 2 -198.523551 34.128229
7 8 4 3 -72.219590 25.737033
7 8 4 4 54.059919 17.347462
7 8 4 5 180.358024 8.956655
7 8 4 6 306.717808 0.561750
7 8 4 7 433.182417 -7.840119
7 8 4 8 559.795161 -16.251829
7 8 4 9 686.599555 -24.676272
7 8 5 0 -577.955653 42.606695
7 8 5 1 -451.327343 34.189399
7 8 5 2 -324.853170 25.782349
7 8 5 3 -198.489819 17.382665
7 8 5 4 -72.194133 8.987479
7 8 5 5 54.076961 0.593929
7 8 5 6 180.366504 -7.800849
7 8 5 7 306.717551 -16.199714
7 8 5 8 433.173253 -24.605537
7 8 5 9 559.776910 -33.021194
7 8 6 0 -704.743502 34.272675
7 8 6 1 -577.922959 25.844120
7 8 6 2 -451.300208 17.428711
7 8 6 3 -324.831727 9.023555
7 8 6 4 -198.474218 0.625774
7 8 6 5 -72.184522 -7.767501
7 8 6 6 54.080427 -16.159130
7 8 6 7 180.363652 -24.551975
7 8 6 8 306.708210 -32.948895
7 8 6 9 433.157246 -41.352759
7 8 7 0 -831.787308 25.921831
7 8 7 1 -704.728143 17.485027
7 8 7 2 -577.910705 9.064275
7 8 7 3 -451.291206 0.656665
7 8 7 4 -324.826143 -7.740689
7 8 7 5 -198.472205 -16.130665
7 8 7 6 -72.186243 -24.516127
7 8 7 7 54.074801 -32.899935
7 8 7 8 180.353947 -41.284945
7 8 7 9 306.694253 -49.674016
7 8 8 0 -959.134015 17.551076
7 8 8 1 -831.789485 9.109048
7 8 8 2 -704.730969 0.685980
7 8 8 3 -577.914341 -7.721052
7 8 8 4 -451.295832 -16.114950
7 8 8 5 -324.831917 -24.498600
7 8 8 6 -198.479300 -32.874871
7 8 8 7 -72.194829 -41.246625
7 8 8 8 54.064547 -49.616715
7 8 8 9 180.341859 -57.987995
7 8 9 0 -1086.830967 9.157299
7 8 9 1 -959.153917 0.713089
7 8 9 2 -831.807578 -7.709249
7 8 9 3 -704.747427 -16.112660
7 8 9 4 -577.929360 -24.500059
7 8 9 5 -451.309577 -32.874345
7 8 9 6 -324.844570 -41.238394
7 8 9 7 -198.491029 -49.595071
7 8 9 8 -72.205812 -57.947230
7 8 9 9 54.054147 -66.297718
7 8 10 0 -1214.926044 0.737353
7 8 10 1 -1086.868828 -7.705974
7 8 10 2 -959.187503 -16.124517
7 8 10 3 -831.837078 -24.521243
7 8 10 4 -704.773052 -32.899085
7 8 10 5 -577.951283 -41.260954
7 8 10 6 -451.327987 -49.609737
7 8 10 7 -324.859634 -57.948304
7 8 10 8 -198.502928 -66.279509
7 8 10 9 -72.214704 -74.606200
