l1/I l2/I w1/I w2/I z x
1 2 0 0 10.147281 61.951025
1 2 0 1 133.540693 53.619232
1 2 0 2 256.997892 45.283132
1 2 0 3 380.577262 36.938782
1 2 0 4 504.337404 28.582227
1 2 0 5 628.337279 20.209484
1 2 0 6 752.636285 11.816543
1 2 0 7 877.294412 3.399354
1 2 0 8 1002.372311 -5.046179
1 2 1 0 -113.172104 53.650149
1 2 1 1 10.203881 45.292125
1 2 1 2 133.585255 36.933735
1 2 1 3 257.030260 28.571035
1 2 1 4 380.597241 20.200071
1 2 1 5 504.344791 11.816875
1 2 1 6 628.331828 3.417455
1 2 1 7 752.617746 -5.002212
1 2 1 8 877.262483 -13.446188
1 2 2 0 -236.548000 45.345470
1 2 2 1 -113.127162 36.965407
1 2 2 2 10.240679 28.588943
1 2 2 3 133.613736 20.212124
1 2 2 4 257.050223 11.830999
1 2 2 5 380.608479 3.441606
1 2 2 6 504.347067 -4.960031
1 2 2 7 628.324907 -13.377914
1 2 2 8 752.601347 -21.816070
1 2 3 0 -360.042961 37.032776
1 2 3 1 -236.514897 28.634862
1 2 3 2 -113.098325 20.244528
1 2 3 3 10.265061 11.857810
1 2 3 4 133.633457 3.470751
1 2 3 5 257.065070 -4.920606
1 2 3 6 380.618225 -13.320226
1 2 3 7 504.351488 -21.732090
1 2 3 8 628.323744 -30.160202
1 2 4 0 -483.719782 28.707841
1 2 4 1 -360.021900 20.296265
1 2 4 2 -236.494230 11.896263
1 2 4 3 -113.078258 3.503857
1 2 4 4 10.284314 -4.884917
1 2 4 5 133.651679 -13.274018
1 2 4 6 257.082043 -21.667403
1 2 4 7 380.633738 -30.069038
1 2 4 8 504.365304 -38.482905
1 2 5 0 -607.641597 20.366415
1 2 5 1 -483.710965 11.945375
1 2 5 2 -360.009614 3.539916
1 2 5 3 -236.478695 -4.853963
1 2 5 4 -113.059697 -13.240238
1 2 5 5 10.305682 -21.622868
1 2 5 6 133.675643 -30.005810
1 2 5 7 257.108404 -38.393019
1 2 5 8 380.662280 -46.788458
1 2 6 0 -731.872079 12.004212
1 2 6 1 -607.645291 3.577927
1 2 6 2 -483.707316 -4.828767
1 2 6 3 -359.998858 -13.219893
1 2 6 4 -236.461064 -21.599443
1 2 6 5 -113.035412 -29.971386
1 2 6 6 10.336416 -38.339679
1 2 6 7 133.712639 -46.708270
1 2 6 8 257.151468 -55.081107
1 2 7 0 -856.475519 3.616904
1 2 7 1 -731.888562 -4.810380
1 2 7 2 -607.650541 -13.214060
1 2 7 3 -483.701586 -21.598188
1 2 7 4 -359.982386 -29.966774
1 2 7 5 -236.434078 -38.323802
1 2 7 6 -112.998109 -46.673230
1 2 7 7 10.383862 -55.019006
1 2 7 8 133.770056 -63.365067
1 2 8 0 -981.516954 -4.799886
1 2 8 1 -856.505080 -13.223886
1 2 8 2 -731.902980 -21.620273
1 2 8 3 -607.650085 -29.993128
1 2 8 4 -483.686504 -38.346488
1 2 8 5 -359.952911 -46.684350
1 2 8 6 -236.390397 -55.010684
1 2 8 7 -112.940385 -63.329437
1 2 8 8 10.455477 -71.644541
2 3 0 0 51.728400 64.749933
2 3 0 1 -72.140400 56.412076
2 3 0 2 -196.042028 48.072008
2 3 0 3 -320.031708 39.726014
2 3 0 4 -444.164841 31.370364
2 3 0 5 -568.497050 23.001313
2 3 0 6 -693.084344 14.615092
2 3 0 7 -817.983174 6.207901
2 3 0 8 -943.250574 -2.224099
2 3 1 0 175.553818 56.455756
2 3 1 1 51.673238 48.091936
2 3 1 2 -72.184868 39.729634
2 3 1 3 -196.075646 31.365126
2 3 1 4 -320.054318 22.994683
2 3 1 5 -444.176233 14.614570
2 3 1 6 -568.497021 6.221030
2 3 1 7 -693.072654 -2.189717
2 3 1 8 -817.959580 -10.621480
2 3 2 0 299.462166 48.156023
2 3 2 1 175.510871 39.770184
2 3 2 2 51.637396 31.389609
2 3 2 3 -72.213431 23.010567
2 3 2 4 -196.096761 14.629326
2 3 2 5 -320.067775 6.242153
2 3 2 6 -444.181831 -2.154698
2 3 2 7 -568.494529 -10.564987
2 3 2 8 -693.061845 -18.992503
2 3 3 0 423.512686 39.846767
2 3 3 1 299.431607 31.442847
2 3 3 2 175.483844 23.047956
2 3 3 3 51.614091 14.658349
2 3 3 4 -72.232835 6.270288
2 3 3 5 -196.112052 -2.119960
2 3 3 6 -320.078753 -10.516134
2 3 3 7 -444.188274 -18.921980
2 3 3 8 -568.496226 -27.341266
2 3 4 0 547.764875 31.524003
2 3 4 1 423.494699 23.105944
2 3 4 2 299.413587 14.700692
2 3 4 3 175.465997 6.304486
2 3 4 4 51.596609 -2.086424
2 3 4 5 -72.249742 -10.475772
2 3 4 6 -196.128183 -18.867295
2 3 4 7 -320.093896 -27.264729
2 3 4 8 -444.202233 -35.671825
2 3 5 0 672.278636 23.183718
2 3 5 1 547.759682 14.755474
2 3 5 2 423.485904 6.343826
2 3 5 3 299.401416 -2.055010
2 3 5 4 175.450651 -10.444795
2 3 5 5 51.578298 -18.829272
2 3 5 6 -72.270815 -27.212176
2 3 5 7 -196.151816 -35.597239
2 3 5 8 -320.119907 -43.988197
2 3 6 0 797.114348 14.821867
2 3 6 1 672.286463 6.387412
2 3 6 2 547.760336 -2.026654
2 3 6 3 423.479627 -10.424138
2 3 6 4 299.388420 -18.808817
2 3 6 5 175.431150 -27.184446
2 3 6 6 51.552493 -35.554763
2 3 6 7 -72.302731 -43.923497
2 3 6 8 -196.189677 -52.294374
2 3 7 0 922.333036 6.434364
2 3 7 1 797.135470 -2.002304
2 3 7 2 672.296826 -10.414785
2 3 7 3 547.760199 -18.806914
2 3 7 4 423.469215 -27.182491
2 3 7 5 299.367947 -35.545283
2 3 7 6 175.400817 -43.899035
2 3 7 7 51.512485 -52.247478
2 3 7 8 -72.352262 -60.594332
2 3 8 0 1047.996435 -1.982927
2 3 8 1 922.367727 -10.417773
2 3 8 2 797.155797 -18.824637
2 3 8 3 672.303066 -27.207383
2 3 8 4 547.752588 -35.569836
2 3 8 5 423.447970 -43.915781
2 3 8 6 299.333268 -52.248976
2 3 8 7 175.352880 -60.573152
2 3 8 8 51.451428 -68.892028
3 4 0 0 -51.947918 71.694467
3 4 0 1 72.411250 63.364537
3 4 0 2 196.801635 55.032516
3 4 0 3 321.275640 46.694894
3 4 0 4 445.885820 38.348151
3 4 0 5 570.684954 29.988751
3 4 0 6 695.726144 21.613137
3 4 0 7 821.062898 13.217725
3 4 0 8 946.749260 4.798896
3 4 0 9 1072.839805 -3.647006
3 4 1 0 -176.257447 63.408626
3 4 1 1 -51.888190 55.051150
3 4 1 2 72.459812 46.695101
3 4 1 3 196.838886 38.336964
3 4 1 4 321.301430 29.973219
3 4 1 5 445.899972 21.600334
3 4 1 6 570.687274 13.214765
3 4 1 7 695.716413 4.812945
3 4 1 8 821.040905 -3.608723
3 4 1 9 946.714710 -12.053864
3 4 2 0 -300.645475 55.117553
3 4 2 1 -176.210294 46.736246
3 4 2 2 -51.848879 38.359907
3 4 2 3 72.491115 29.985011
3 4 2 4 196.862024 21.608033
3 4 2 5 321.316219 13.225445
3 4 2 6 445.906220 4.833710
3 4 2 7 570.684767 -3.570725
3 4 2 8 695.704950 -11.991435
3 4 2 9 821.020212 -20.432020
3 4 3 0 -425.168103 46.817508
3 4 3 1 -300.611045 38.416082
3 4 3 2 -176.180396 30.023183
3 4 3 3 -51.823700 21.635271
3 4 3 4 72.511410 13.248816
3 4 3 5 196.877245 4.860288
3 4 3 6 321.326175 -3.533844
3 4 3 7 445.910702 -11.937123
3 4 3 8 570.683584 -20.353106
3 4 3 9 695.697849 -28.785371
3 4 4 0 -549.881690 38.504735
3 4 4 1 -425.146580 30.086904
3 4 4 2 -300.590753 21.681172
3 4 4 3 -176.161542 13.283985
3 4 4 4 -51.806458 4.891800
3 4 4 5 72.526846 -3.498914
3 4 4 6 196.890683 -11.891690
3 4 4 7 321.337413 -20.290059
3 4 4 8 445.919557 -28.697567
3 4 4 9 570.689825 -37.117770
3 4 5 0 -674.842901 30.175456
3 4 5 1 -549.873247 21.744942
3 4 5 2 -425.136072 13.330111
3 4 5 3 -300.578407 4.927391
3 4 5 4 -176.147542 -3.466776
3 4 5 5 -51.791002 -11.855929
3 4 5 6 72.543564 -20.243599
3 4 5 7 196.908468 -28.633316
3 4 5 8 321.356089 -37.028613
3 4 5 9 445.938915 -45.433031
3 4 6 0 -800.108881 21.825863
3 4 6 1 -674.847765 13.386404
3 4 6 2 -549.872745 4.966220
3 4 6 3 -425.130452 -3.438283
3 4 6 4 -300.567861 -11.830679
3 4 6 5 -176.132275 -20.214518
3 4 6 6 -51.771208 -28.593336
3 4 6 7 72.567697 -36.970661
3 4 6 8 196.936772 -45.350019
3 4 6 9 321.388375 -53.734937
3 4 7 0 -925.737310 13.452110
3 4 7 1 -800.127285 5.007466
3 4 7 2 -674.857493 -3.414305
3 4 7 3 -549.874066 -11.816823
3 4 7 4 -425.123567 -20.203683
3 4 7 5 -300.552981 -28.578447
3 4 7 6 -176.109593 -36.944659
3 4 7 7 -51.740908 -45.305849
3 4 7 8 72.605455 -53.665539
3 4 7 9 196.981819 -62.027245
3 4 8 0 -1051.786550 5.050309
3 4 8 1 -925.769534 -3.395731
3 4 8 2 -800.147507 -11.815299
3 4 8 3 -674.866004 -20.212043
3 4 8 4 -549.871076 -28.589580
3 4 8 5 -425.109293 -36.951491
3 4 8 6 -300.527618 -45.301331
3 4 8 7 -176.073319 -53.642634
3 4 8 8 -51.693874 -61.978919
3 4 8 9 72.663101 -70.313699
4 5 0 0 52.167884 78.634297
4 5 0 1 -72.680267 70.312555
4 5 0 2 -197.558142 61.988830
4 5 0 3 -322.515542 53.659806
4 5 0 4 -447.602404 45.322152
4 5 0 5 -572.868886 36.972525
4 5 0 6 -698.365422 28.607564
4 5 0 7 -824.142811 20.223883
4 5 0 8 -950.252299 11.818066
4 5 0 9 -1076.745708 3.386659
4 5 1 0 176.960235 70.356977
4 5 1 1 52.103477 62.006314
4 5 1 2 -72.733138 53.656999
4 5 1 3 -197.599347 45.305704
4 5 1 4 -322.544942 36.949100
4 5 1 5 -447.619851 28.583848
4 5 1 6 -572.874202 20.206594
4 5 1 7 -698.358406 11.813966
4 5 1 8 -824.123236 3.402570
4 5 1 9 -950.219953 -5.031023
4 5 2 0 301.827019 62.074719
4 5 2 1 176.908672 53.698646
4 5 2 2 52.060370 45.327270
4 5 2 3 -72.767646 36.957254
4 5 2 4 -197.625105 28.585264
4 5 2 5 -322.561793 20.207961
4 5 2 6 -447.627617 11.822000
4 5 2 7 -572.872686 3.424020
4 5 2 8 -698.347389 -4.989358
4 5 2 9 -824.102518 -13.421539
4 5 3 0 426.821454 53.783994
4 5 3 1 301.788428 45.386015
4 5 3 2 176.875467 36.996100
4 5 3 3 52.032708 28.610900
4 5 3 4 -72.789602 20.227074
4 5 3 5 -197.641189 11.841281
4 5 3 6 -322.571825 3.450179
4 5 3 7 -447.631406 -4.949584
4 5 3 8 -572.870022 -13.361372
4 5 3 9 -698.338083 -21.788571
4 5 4 0 551.996978 45.481258
4 5 4 1 426.795989 37.064876
4 5 4 2 301.765292 28.659942
4 5 4 3 176.854830 20.263090
4 5 4 4 52.014746 11.870969
4 5 4 5 -72.804713 3.480235
4 5 4 6 -197.653270 -4.912455
4 5 4 7 -322.580689 -13.310446
4 5 4 8 -447.636851 -21.717092
4 5 4 9 -572.871869 -30.135762
4 5 5 0 677.407332 37.162945
4 5 5 1 551.984810 28.731672
4 5 5 2 426.783096 20.315241
4 5 5 3 301.751858 11.910271
4 5 5 4 176.841045 3.513395
4 5 5 5 52.000795 -4.878736
4 5 5 6 -72.818651 -13.269470
4 5 5 7 -197.667011 -21.662147
4 5 5 8 -322.594040 -30.060112
4 5 5 9 -447.649643 -38.466720
4 5 6 0 803.106658 28.825466
4 5 6 1 677.408655 20.382823
4 5 6 2 551.982355 11.958429
4 5 6 3 426.777061 3.548879
4 5 6 4 301.742446 -4.849207
4 5 6 5 176.828449 -13.239191
4 5 6 6 51.985196 -21.624424
4 5 6 7 -72.837074 -30.008248
4 5 6 8 -197.688072 -38.394001
4 5 6 9 -322.617581 -46.785027
4 5 7 0 929.149591 20.465196
4 5 7 1 803.121686 12.014724
4 5 7 2 677.416846 3.585915
4 5 7 3 551.983921 -4.824661
4 5 7 4 426.772218 -13.220404
4 5 7 5 301.731396 -21.604689
4 5 7 6 176.811376 -29.980874
4 5 7 7 51.962273 -38.352304
4 5 7 8 -72.865668 -46.722315
4 5 7 9 -197.722190 -55.094242
4 5 8 0 1055.591388 12.078469
4 5 8 1 929.178593 3.623736
4 5 8 2 803.140779 -4.805918
4 5 8 3 677.426255 -13.213949
4 5 8 4 551.983875 -21.603779
4 5 8 5 426.762931 -29.978799
4 5 8 6 301.713052 -38.342378
4 5 8 7 176.784144 -46.697866
4 5 8 8 51.926324 -55.048599
4 5 8 9 -72.910196 -63.397908
4 5 9 0 1182.487929 3.661580
4 5 9 1 1055.634593 -4.793818
4 5 9 2 929.208803 -13.220718
4 5 9 3 803.158234 -21.622608
4 5 9 4 677.431199 -30.002933
4 5 9 5 551.976532 -38.365103
4 5 9 6 426.743484 -46.712501
4 5 9 7 301.681668 -55.048486
4 5 9 8 176.740987 -63.376396
4 5 9 9 51.871521 -71.699560
5 6 0 0 10.279026 81.412733
5 6 0 1 135.623133 73.098815
5 6 0 2 261.019274 64.781445
5 6 0 3 386.514894 56.457478
5 6 0 4 512.157615 48.123753
5 6 0 5 637.995263 39.777099
5 6 0 6 764.075967 31.414323
5 6 0 7 890.448245 23.032208
5 6 0 8 1017.161015 14.627508
5 6 0 9 1144.263779 6.196940
5 6 0 10 1271.806587 -2.262815
5 6 1 0 -114.985445 73.128602
5 6 1 1 10.342238 64.786155
5 6 1 2 135.674474 56.443404
5 6 1 3 261.058619 48.097198
5 6 1 4 386.542123 39.744378
5 6 1 5 512.172568 31.381777
5 6 1 6 637.997768 23.006212
5 6 1 7 764.065851 14.614479
5 6 1 8 890.425272 6.203354
5 6 1 9 1017.124986 -2.230423
5 6 1 10 1144.214422 -10.690142
5 6 2 0 -240.295418 64.841462
5 6 2 1 -114.933827 56.473815
5 6 2 2 10.384843 48.109032
5 6 2 3 135.707934 39.743954
5 6 2 4 261.082801 31.375420
5 6 2 5 386.556860 23.000266
5 6 2 6 512.177690 14.615315
5 6 2 7 637.993104 6.217375
5 6 2 8 764.051175 -2.196761
5 6 2 9 890.400394 -10.630331
5 6 2 10 1017.089653 -19.086598
5 6 3 0 -365.701390 56.547974
5 6 3 1 -240.255507 48.158448
5 6 3 2 -114.900090 39.774973
5 6 3 3 10.412268 31.394377
5 6 3 4 135.728901 23.013495
5 6 3 5 261.097137 14.629163
5 6 3 6 386.564396 6.238208
5 6 3 7 512.178254 -2.162552
5 6 3 8 637.986482 -10.576310
5 6 3 9 764.037187 -19.006285
5 6 3 10 890.378805 -27.455715
5 6 4 0 -491.254021 48.244786
5 6 4 1 -365.673327 39.836702
5 6 4 2 -240.230789 31.437869
5 6 4 3 -114.878860 23.045102
5 6 4 4 10.429850 14.655229
5 6 4 5 135.742657 6.265082
5 6 4 6 261.106897 -2.128509
5 6 4 7 386.569989 -10.528719
5 6 4 8 512.179480 -18.938730
5 6 4 9 637.983167 -27.361744
5 6 4 10 764.029113 -35.800978
5 6 5 0 -617.004219 39.928532
5 6 5 1 -491.237975 31.505215
5 6 5 2 -365.657800 23.094359
5 6 5 3 -240.215930 14.692766
5 6 5 4 -114.864842 6.297254
5 6 5 5 10.442843 -2.095352
5 6 5 6 135.754455 -10.488220
5 6 5 7 261.117330 -18.884522
5 6 5 8 386.578867 -27.287432
5 6 5 9 512.186636 -35.700136
5 6 5 10 637.988403 -44.125833
5 6 6 0 -743.003199 31.595826
5 6 6 1 -617.000367 23.160606
5 6 6 2 -491.231816 14.741069
5 6 6 3 -365.649491 6.334000
5 6 6 4 -240.205658 -2.063799
5 6 6 5 -114.852798 -10.455507
5 6 6 6 10.456489 -18.844298
5 6 6 7 135.769534 -27.233341
5 6 6 8 261.133663 -35.625803
5 6 6 9 386.596295 -44.024860
5 6 6 10 512.204979 -52.433694
5 6 7 0 -869.302570 23.243254
5 6 7 1 -743.011730 14.799477
5 6 7 2 -617.003765 6.374613
5 6 7 3 -491.230246 -2.034575
5 6 7 4 -365.643153 -10.431300
5 6 7 5 -240.194749 -18.818752
5 6 7 6 -114.837488 -27.200110
5 6 7 7 10.476031 -35.578543
5 6 7 8 135.793140 -43.957216
5 6 7 9 261.161181 -52.339295
5 6 7 10 386.627565 -60.727949
5 6 8 0 -995.954424 14.867371
5 6 8 1 -869.323690 6.418404
5 6 8 2 -743.024884 -2.008418
5 6 8 3 -617.009125 -10.416353
5 6 8 4 -491.228026 -18.808632
5 6 8 5 -365.633555 -27.188459
5 6 8 6 -240.177945 -35.559021
5 6 8 7 -114.813647 -43.923491
5 6 8 8 10.506753 -52.285031
5 6 8 9 135.830598 -60.646802
5 6 8 10 261.205233 -69.011961
5 6 9 0 -1123.011473 6.464692
5 6 9 1 -995.988400 -1.986076
5 6 9 2 -869.346852 -10.411461
5 6 9 3 -743.037411 -18.814752
5 6 9 4 -617.011246 -27.199196
5 6 9 5 -491.219949 -35.568014
5 6 9 6 -365.615454 -43.924405
5 6 9 7 -240.149987 -52.271546
5 6 9 8 -114.775977 -60.612603
5 6 9 9 10.553997 -68.950730
5 6 9 10 135.887290 -77.289078
6 7 0 0 52.569227 84.209516
6 7 0 1 -73.246841 75.888907
6 7 0 2 -199.089922 67.566510
6 7 0 3 -325.005172 59.239342
6 7 0 4 -451.037897 50.904404
6 7 0 5 -577.233523 42.558693
6 7 0 6 -703.637751 34.199186
6 7 0 7 -830.296554 25.822844
6 7 0 8 -957.256315 17.426598
6 7 0 9 -1084.563810 9.007356
6 7 0 10 -1212.266344 0.561988
6 7 1 0 178.330888 75.932567
6 7 1 1 52.507334 67.583901
6 7 1 2 -73.298000 59.236443
6 7 1 3 -199.130219 50.887201
6 7 1 4 -325.034507 42.533177
6 7 1 5 -451.056108 34.171369
6 7 1 6 -577.240468 25.798762
6 7 1 7 -703.633246 17.412326
6 7 1 8 -830.280433 9.009009
6 7 1 9 -957.228354 0.585738
6 7 1 10 -1084.523789 -7.860592
6 7 2 0 304.159823 67.651191
6 7 2 1 178.280861 59.277617
6 7 2 2 52.465379 50.908265
6 7 2 3 -73.331744 42.540134
6 7 2 4 -199.155640 34.170223
6 7 2 5 -325.051439 25.795528
6 7 2 6 -451.064404 17.413039
6 7 2 7 -577.239947 9.019736
6 7 2 8 -703.623744 0.612579
6 7 2 9 -830.261740 -7.811487
6 7 2 10 -957.200261 -16.255544
6 7 3 0 430.104137 59.362221
6 7 3 1 304.121768 50.966883
6 7 3 2 178.248235 42.578797
6 7 3 3 52.438334 34.194952
6 7 3 4 -73.353084 25.812338
6 7 3 5 -199.171106 17.427952
6 7 3 6 -325.060878 9.038784
6 7 3 7 -451.067638 0.641820
6 7 3 8 -577.236816 -7.765967
6 7 3 9 -703.614047 -16.187618
6 7 3 10 -830.245281 -24.626196
6 7 4 0 556.212140 51.062478
6 7 4 1 430.078202 42.648519
6 7 4 2 304.098624 34.244857
6 7 4 3 178.228048 25.848467
6 7 4 4 52.421240 17.456330
6 7 4 5 -73.366913 9.065437
6 7 4 6 -199.181510 0.672780
6 7 4 7 -325.067685 -7.724651
6 7 4 8 -451.070689 -16.129875
6 7 4 9 -577.235921 -24.545921
6 7 4 10 -703.609022 -32.975834
6 7 5 0 682.532368 42.748767
6 7 5 1 556.198468 34.319336
6 7 5 2 430.064688 25.903257
6 7 5 3 304.085447 17.497490
6 7 5 4 178.215357 9.099006
6 7 5 5 52.409209 0.704788
6 7 5 6 -73.378118 -7.688174
6 7 5 7 -199.191720 -16.082889
6 7 5 8 -325.076742 -24.482369
6 7 5 9 -451.078415 -32.889633
6 7 5 10 -577.242144 -41.307710
6 7 6 0 809.113686 34.417873
6 7 6 1 682.531126 25.976126
6 7 6 2 556.194753 17.550797
6 7 6 3 430.058693 9.138827
6 7 6 4 304.077332 0.737174
6 7 6 5 178.205299 -7.657188
6 7 6 6 52.397382 -16.047274
6 7 6 7 -73.391549 -24.436094
6 7 6 8 -199.206600 -32.826656
6 7 6 9 -325.092903 -41.221970
6 7 6 10 -451.095696 -49.625053
6 7 7 0 936.005383 26.066551
6 7 7 1 809.125080 17.615660
6 7 7 2 682.537410 9.184259
6 7 7 3 556.196134 0.769269
6 7 7 4 430.055344 -7.632367
6 7 7 5 304.069433 -16.023687
6 7 7 6 178.193030 -24.407714
6 7 7 7 52.380904 -32.787459
6 7 7 8 -73.412081 -41.165930
6 7 7 9 -199.231029 -49.546130
6 7 7 10 -325.121081 -57.931066
6 7 8 0 1063.257175 17.691530
6 7 8 1 936.029591 9.234684
6 7 8 2 809.141540 0.800406
6 7 8 3 682.546341 -7.614406
6 7 8 4 556.197721 -16.012828
6 7 8 5 430.049770 -24.397911
6 7 8 6 304.056886 -32.772687
6 7 8 7 178.173668 -41.140173
6 7 8 8 52.354879 -49.503377
6 7 8 9 -73.444622 -57.865298
6 7 8 10 -199.269949 -66.228937
6 7 9 0 1190.919401 9.289496
6 7 9 1 1063.294460 0.829909
6 7 9 2 936.056473 -7.604029
6 7 9 3 809.158251 -16.015446
6 7 9 4 682.553080 -24.407438
6 7 9 5 556.194675 -32.783074
6 7 9 6 430.037133 -41.145395
6 7 9 7 304.034813 -49.497427
6 7 9 8 178.142310 -57.842180
6 7 9 9 52.314373 -66.182654
6 7 9 10 -73.494152 -74.521841
6 7 10 0 1319.042983 0.857099
6 7 10 1 1190.969990 -7.601986
6 7 10 2 1063.331977 -16.032341
6 7 10 3 936.081167 -24.437122
6 7 10 4 809.170332 -32.819448
6 7 10 5 682.552739 -41.182406
6 7 10 6 556.182113 -49.529051
6 7 10 7 430.012503 -57.862420
6 7 10 8 303.998263 -66.185527
6 7 10 9 178.093966 -74.501372
6 7 10 10 52.254349 -82.812945
7 8 0 0 73.513201 82.831098
7 8 0 1 199.840510 74.516921
7 8 0 2 326.236710 66.198210
7 8 0 3 452.745092 57.872116
7 8 0 4 579.408950 49.535790
7 8 0 5 706.271971 41.186356
7 8 0 6 833.377936 32.820932
7 8 0 7 960.771069 24.436609
7 8 0 8 1088.495431 16.030485
7 8 0 9 1216.596689 7.599557
7 8 1 0 -52.721923 74.533408
7 8 1 1 73.568624 66.192979
7 8 1 2 199.884843 57.850855
7 8 1 3 326.269870 49.504187
7 8 1 4 452.766936 41.150119
7 8 1 5 579.419416 32.785787
7 8 1 6 706.270841 24.408317
7 8 1 7 833.365071 16.014812
7 8 1 8 960.745842 7.602383
7 8 1 9 1088.458222 -0.831946
7 8 2 0 -178.975444 66.234510
7 8 2 1 -52.676015 57.870834
7 8 2 2 73.605902 49.508318
7 8 2 3 199.913356 41.144111
7 8 2 4 326.289571 32.775350
7 8 2 5 452.777677 24.399180
7 8 2 6 579.421018 16.012731
7 8 2 7 706.263157 7.613116
7 8 2 8 833.347568 -0.802542
7 8 2 9 960.718786 -9.237192
7 8 3 0 -305.293117 57.931394
7 8 3 1 -178.939150 49.547469
7 8 3 2 -52.645905 41.167573
7 8 3 3 73.629640 32.788852
7 8 3 4 199.930771 24.408433
7 8 3 5 326.300431 16.023466
7 8 3 6 452.781841 7.631085
7 8 3 7 579.418331 -0.771586
7 8 3 8 706.253178 -9.187418
7 8 3 9 833.330452 -17.619337
7 8 4 0 -431.720832 49.621045
7 8 4 1 -305.266590 41.219865
7 8 4 2 -178.916369 32.825596
7 8 4 3 -52.627109 24.435377
7 8 4 4 73.644595 16.046324
7 8 4 5 199.941567 7.655592
7 8 4 6 326.306967 -0.739686
7 8 4 7 452.783953 -9.142377
7 8 4 8 579.415669 -17.555347
7 8 4 9 706.245787 -25.981499
7 8 5 0 -558.304584 41.300440
7 8 5 1 -431.704191 32.884999
7 8 5 2 -305.251267 24.479362
7 8 5 3 -178.902655 16.080658
7 8 5 4 -52.614764 7.685991
7 8 5 5 73.655169 -0.707483
7 8 5 6 199.950307 -9.102632
7 8 5 7 326.313699 -17.502319
7 8 5 8 452.788419 -25.909405
7 8 5 9 579.417805 -34.326772
7 8 6 0 -685.090640 32.966536
7 8 6 1 -558.298001 24.539836
7 8 6 2 -431.696494 16.125839
7 8 6 3 -305.242801 7.721665
7 8 6 4 -178.893084 -0.675598
7 8 6 5 -52.604576 -9.068793
7 8 6 6 73.665950 -17.460794
7 8 6 7 199.961498 -25.854457
7 8 6 8 326.325133 -34.252645
7 8 6 9 452.799922 -42.658221
7 8 7 0 -812.125526 24.616277
7 8 7 1 -685.094271 16.181327
7 8 7 2 -558.298089 7.761986
7 8 7 3 -431.693437 -0.644638
7 8 7 4 -305.236167 -9.041475
7 8 7 5 -178.883446 -17.431370
7 8 7 6 -52.591920 -25.817202
7 8 7 7 73.681432 -34.201827
7 8 7 8 199.979730 -42.588108
7 8 7 9 326.345830 -50.978892
7 8 8 0 -939.456172 16.246577
7 8 8 1 -812.139580 7.806400
7 8 8 2 -685.102345 -0.615256
7 8 8 3 -558.300635 -9.021300
7 8 8 4 -431.689926 -17.414681
7 8 8 5 -305.227258 -25.798248
7 8 8 6 -178.869087 -34.174887
7 8 8 7 -52.572311 -42.547457
7 8 8 8 73.706304 -50.918823
7 8 8 9 200.009471 -59.291816
7 8 9 0 -1067.129899 7.854325
7 8 9 1 -939.480834 -0.588035
7 8 9 2 -812.155818 -9.008963
7 8 9 3 -685.110666 -17.411381
7 8 9 4 -558.300414 -25.798264
7 8 9 5 -431.681908 -34.172465
7 8 9 6 -305.211352 -42.536881
7 8 9 7 -178.845502 -50.894373
7 8 9 8 -52.540944 -59.247810
7 8 9 9 73.744949 -67.600014
7 8 10 0 -1195.194554 -0.563623
7 8 10 1 -1067.165390 -9.005101
7 8 10 2 -939.505446 -17.422234
7 8 10 3 -812.170112 -25.817965
7 8 10 4 -685.113920 -34.195290
7 8 10 5 -558.293459 -42.557073
7 8 10 6 -431.664615 -50.906222
7 8 10 7 -305.183940 -59.245601
7 8 10 8 -178.807777 -67.578090
7 8 10 9 -52.493520 -75.906497
8 9 0 0 116.328192 85.645415
8 9 0 1 -10.449751 77.312047
8 9 0 2 -137.231730 68.978413
8 9 0 3 -264.058918 60.641808
8 9 0 4 -390.972514 52.299522
8 9 0 5 -518.013860 43.948840
8 9 0 6 -645.224453 35.587032
8 9 0 7 -772.646006 27.211358
8 9 0 8 -900.320507 18.819057
8 9 0 9 -1028.290288 10.407347
8 9 0 10 -1156.598073 1.973419
8 9 0 11 -1285.286992 -6.485562
8 9 1 0 243.080204 77.367317
8 9 1 1 116.273918 69.008152
8 9 1 2 -10.495160 60.651439
8 9 1 3 -137.268186 52.294465
8 9 1 4 -264.086288 43.934521
8 9 1 5 -390.990682 35.568888
8 9 1 6 -518.022687 27.194842
8 9 1 7 -645.223784 18.809650
8 9 1 8 -772.635672 10.410563
8 9 1 9 -900.300338 1.994812
8 9 1 10 -1028.260103 -6.440392
8 9 1 11 -1156.557637 -14.897862
8 9 2 0 369.915207 69.083799
8 9 2 1 243.036975 60.701675
8 9 2 2 116.237248 52.324738
8 9 2 3 -10.525171 43.950265
8 9 2 4 -137.291395 35.575540
8 9 2 5 -264.102575 27.197846
8 9 2 6 -390.999903 18.814461
8 9 2 7 -518.024689 10.422655
8 9 2 8 -645.218401 2.019689
8 9 2 9 -772.622740 -6.397192
8 9 2 10 -900.279683 -14.830761
8 9 2 11 -1028.231505 -23.283811
8 9 3 0 496.877007 60.792000
8 9 3 1 369.883129 52.389754
8 9 3 2 243.009163 43.995441
8 9 3 3 116.213812 35.606330
8 9 3 4 -10.544079 27.219697
8 9 3 5 -137.305650 18.832820
8 9 3 6 -264.112026 10.442980
8 9 3 7 -391.004401 2.047449
8 9 3 8 -518.024071 -6.356504
8 9 3 9 -645.212508 -14.771623
8 9 3 10 -772.611405 -23.200667
8 9 3 11 -900.262703 -31.646410
8 9 4 0 624.009598 52.489047
8 9 4 1 496.856213 44.069515
8 9 4 2 369.864311 35.660676
8 9 4 3 242.992441 27.259784
8 9 4 4 116.199347 18.864109
8 9 4 5 -10.556154 10.470923
8 9 4 6 -137.315179 2.077504
8 9 4 7 -264.118864 -6.318872
8 9 4 8 -391.008387 -14.720932
8 9 4 9 -518.025052 -23.131411
8 9 4 10 -645.210324 -31.553055
8 9 4 11 -772.605868 -39.988621
8 9 5 0 751.357187 44.172052
8 9 5 1 624.000217 35.738076
8 9 5 2 496.846524 27.317562
8 9 5 3 369.854445 18.907750
8 9 5 4 242.982568 10.505898
8 9 5 5 116.189607 2.109273
8 9 5 6 -10.565601 -6.284853
8 9 5 7 -137.324190 -14.679202
8 9 5 8 -264.127281 -23.076498
8 9 5 9 -391.016062 -31.479469
8 9 5 10 -518.031831 -39.890850
8 9 5 11 -645.216036 -48.313385
8 9 6 0 878.964316 35.838107
8 9 6 1 751.359397 27.392537
8 9 6 2 623.999831 18.963206
8 9 6 3 496.843685 10.547339
8 9 6 4 369.849333 2.142180
8 9 6 5 242.975328 -6.255014
8 9 6 6 116.180406 -14.646974
8 9 6 7 -10.576624 -23.036426
8 9 6 8 -137.336880 -31.426091
8 9 6 9 -264.141493 -39.818692
8 9 6 10 -391.031651 -48.216955
8 9 6 11 -518.048640 -56.623612
8 9 7 0 1006.875834 27.484282
8 9 7 1 878.978262 19.029982
8 9 7 2 751.368461 10.594704
8 9 7 3 624.004167 2.175654
8 9 7 4 496.843483 -6.229937
8 9 7 5 369.844743 -14.624822
8 9 7 6 242.966524 -23.011741
8 9 7 7 116.167522 -31.393424
8 9 7 8 -10.593432 -39.772591
8 9 7 9 -137.357474 -48.151963
8 9 7 10 -264.165735 -56.534258
8 9 7 11 -391.059398 -64.922197
8 9 8 0 1135.137066 19.107618
8 9 8 1 1006.901728 10.647467
8 9 8 2 878.996979 2.209126
8 9 8 3 751.380165 -6.210219
8 9 8 4 624.009057 -14.613354
8 9 8 5 496.841716 -23.003046
8 9 8 6 369.836500 -31.382041
8 9 8 7 242.951936 -39.753077
8 9 8 8 116.146743 -48.118876
8 9 8 9 -10.620271 -56.482157
8 9 8 10 -137.390240 -64.845632
8 9 8 11 -264.204300 -73.212017
8 9 9 0 1263.793814 10.705123
8 9 9 1 1135.175125 2.242021
8 9 9 2 1006.930303 -6.196479
8 9 9 3 879.016247 -14.613216
8 9 9 4 751.390336 -23.010992
8 9 9 5 624.010294 -31.392590
8 9 9 6 496.834206 -39.760768
8 9 9 7 369.820371 -48.118270
8 9 9 8 242.927339 -56.467823
8 9 9 9 116.113806 -64.812145
8 9 9 10 -10.661422 -73.153947
8 9 9 11 -137.439494 -81.495936
9 10 0 0 74.076067 88.404876
9 10 0 1 201.363334 80.091821
9 10 0 2 328.713636 71.774649
9 10 0 3 456.166442 63.450783
9 10 0 4 583.761375 55.117634
9 10 0 5 711.538209 46.772606
9 10 0 6 839.536937 38.413085
9 10 0 7 967.797876 30.036440
9 10 0 8 1096.361632 21.640018
9 10 0 9 1225.269200 13.221142
9 10 0 10 1354.562004 4.777106
9 10 1 0 -53.123604 80.108361
9 10 1 1 74.129830 71.769752
9 10 1 2 201.406812 63.429599
9 10 1 3 328.746720 55.085323
9 10 1 4 456.189033 46.734337
9 10 1 5 583.773337 38.374046
9 10 1 6 711.539388 30.001846
9 10 1 7 839.527211 21.615114
9 10 1 8 967.777066 13.211211
9 10 1 9 1096.329557 4.787477
9 10 1 10 1225.225658 -3.658772
9 10 2 0 -180.339991 71.810756
9 10 2 1 -53.078776 63.449310
9 10 2 2 74.166529 55.088911
9 10 2 3 201.435263 46.726971
9 10 2 4 328.766816 38.360905
9 10 2 5 456.200636 29.988119
9 10 2 6 583.776297 21.606014
9 10 2 7 711.533579 13.211975
9 10 2 8 839.512458 4.803377
9 10 2 9 967.753197 -3.622425
9 10 2 10 1096.296380 -12.068100
9 10 3 0 -307.614838 63.509337
9 10 3 1 -180.304221 55.127768
9 10 3 2 -53.048992 46.749845
9 10 3 3 74.190200 38.372979
9 10 3 4 201.452707 29.994577
9 10 3 5 328.777891 21.612049
9 10 3 6 456.205194 13.222798
9 10 3 7 583.774209 4.824217
9 10 3 8 711.524676 -3.586310
9 10 3 9 839.496576 -12.011415
9 10 3 10 967.730154 -20.453748
9 10 4 0 -434.989932 55.201380
9 10 4 1 -307.588225 46.802395
9 10 4 2 -180.281458 38.409670
9 10 4 3 -53.030215 30.020604
9 10 4 4 74.204869 21.632604
9 10 4 5 201.463121 13.243077
9 10 4 6 328.783906 4.849427
9 10 4 7 456.206679 -3.550947
9 10 4 8 583.771000 -11.960652
9 10 4 9 711.516616 -20.382309
9 10 4 10 839.483493 -28.818552
9 10 5 0 -562.507218 46.884148
9 10 5 1 -434.972615 38.470457
9 10 5 2 -307.572628 30.065645
9 10 5 3 -180.267726 21.667107
9 10 5 4 -53.018477 13.272241
9 10 5 5 74.214461 4.878450
9 10 5 6 201.470427 -3.516860
9 10 5 7 328.788792 -11.916286
9 10 5 8 456.208984 -20.322430
9 10 5 9 583.770576 -28.737902
9 10 5 10 711.513300 -37.165324
9 10 6 0 -690.208821 38.554895
9 10 6 1 -562.499337 30.129208
9 10 6 2 -434.964324 21.715032
9 10 6 3 -307.564080 13.309747
9 10 6 4 -180.259059 4.910745
9 10 6 5 -53.009847 -3.484576
9 10 6 6 74.222918 -11.878811
9 10 6 7 201.478573 -20.274556
9 10 6 8 328.796470 -28.674408
9 10 6 9 456.216055 -37.080969
9 10 6 10 583.776886 -45.496848
9 10 7 0 -818.137094 30.210857
9 10 7 1 -690.210521 21.775895
9 10 7 2 -562.498500 13.355079
9 10 7 3 -434.961112 4.945777
9 10 7 4 -307.558640 -3.454628
9 10 7 5 -180.251550 -11.848745
9 10 7 6 -53.000403 -20.239173
9 10 7 7 74.234155 -28.628507
9 10 7 8 201.491452 -37.019340
9 10 7 9 328.810860 -45.414268
9 10 7 10 456.231810 -53.815892
9 10 8 0 -946.334693 21.849253
9 10 8 1 -818.148534 13.407744
9 10 8 2 -690.217293 4.983024
9 10 8 3 -562.500777 -3.427557
9 10 8 4 -434.959048 -11.826627
9 10 8 5 -307.552398 -20.216802
9 10 8 6 -180.241262 -28.600687
9 10 8 7 -52.986214 -36.980878
9 10 8 8 74.252099 -45.359967
9 10 8 9 201.513027 -53.740546
9 10 8 10 328.835929 -62.125205
9 10 9 0 -1074.844642 13.467275
9 10 9 1 -946.356056 5.021966
9 10 9 2 -818.163093 -3.403912
9 10 9 3 -690.225230 -11.813023
9 10 9 4 -562.502254 -20.208010
9 10 9 5 -434.954233 -28.591497
9 10 9 6 -307.541420 -36.966098
9 10 9 7 -180.224268 -45.334411
9 10 9 8 -52.963347 -53.699027
9 10 9 9 74.280723 -62.062537
9 10 9 10 201.547279 -70.427524
9 10 10 0 -1203.710384 5.062092
9 10 10 1 -1074.876128 -3.384255
9 10 10 2 -946.378592 -11.808526
9 10 10 3 -818.176869 -20.213404
9 10 10 4 -690.230417 -28.601547
9 10 10 5 -562.499025 -36.975590
9 10 10 6 -434.942714 -45.338155
9 10 10 7 -307.521762 -53.691846
9 10 10 8 -180.196610 -62.039256
9 10 10 9 -52.927797 -70.382972
9 10 10 10 74.324046 -78.725576
9 10 11 0 -1332.975792 -3.369160
9 10 11 1 -1203.752168 -11.813759
9 10 11 2 -1074.906808 -20.233640
9 10 11 3 -946.398366 -28.631503
9 10 11 4 -818.185918 -37.010023
9 10 11 5 -690.228918 -45.371850
9 10 11 6 -562.487103 -53.719615
9 10 11 7 -434.920522 -62.055929
9 10 11 8 -307.489435 -70.383388
9 10 11 9 -180.154249 -78.704581
9 10 11 10 -52.875511 -87.022084
10 11 0 0 53.337917 87.052244
10 11 0 1 -74.398113 78.720745
10 11 0 2 -202.156730 70.387773
10 11 0 3 -329.975659 62.050867
10 11 0 4 -457.892695 53.707562
10 11 0 5 -585.945733 45.355387
10 11 0 6 -714.172847 36.991857
10 11 0 7 -842.612327 28.614476
10 11 0 8 -971.302711 20.220730
10 11 0 9 -1100.282793 11.808089
10 11 0 10 -1229.591788 3.373994
10 11 0 11 -1359.269253 -5.084134
10 11 1 0 181.032108 78.761999
10 11 1 1 53.289276 70.406616
10 11 1 2 -74.438361 62.052226
10 11 1 3 -202.188487 53.696365
10 11 1 4 -329.998818 45.336567
10 11 1 5 -457.907126 36.970359
10 11 1 6 -585.951310 28.595265
10 11 1 7 -714.169441 20.208793
10 11 1 8 -842.599794 11.808440
10 11 1 9 -971.280855 3.391689
10 11 1 10 -1100.251477 -5.044002
10 11 1 11 -1229.550812 -13.501193
10 11 2 0 308.782167 70.468128
10 11 2 1 180.992719 62.091441
10 11 2 2 53.256267 53.718229
10 11 2 3 -74.464881 45.346019
10 11 2 4 -202.208406 36.972343
10 11 2 5 -330.012004 28.594729
10 11 2 6 -457.913447 20.210701
10 11 2 7 -585.950638 11.817775
10 11 2 8 -714.161635 3.413455
10 11 2 9 -842.584667 -5.004763
10 11 2 10 -971.258274 -13.439407
10 11 2 11 -1100.221253 -21.893019
10 11 3 0 436.628063 62.168034
10 11 3 1 308.752127 53.772622
10 11 3 2 180.967053 45.383176
10 11 3 3 53.235098 36.997218
10 11 3 4 -74.481436 28.612272
10 11 3 5 -202.220213 20.225865
10 11 3 6 -330.018928 11.835524
10 11 3 7 -457.915361 3.438767
10 11 3 8 -585.947401 -4.966893
10 11 3 9 -714.153070 -13.383952
10 11 3 10 -842.570643 -21.814924
10 11 3 11 -971.238615 -30.262334
10 11 4 0 564.609910 53.859113
10 11 4 1 436.607503 45.447555
10 11 4 2 308.733939 37.044463
10 11 4 3 180.951374 28.647351
10 11 4 4 53.222050 20.253738
10 11 4 5 -74.491717 11.861147
10 11 4 6 -202.227588 3.467103
10 11 4 7 -330.023270 -4.930870
10 11 4 8 -457.916529 -13.335257
10 11 4 9 -585.945230 -21.748543
10 11 4 10 -714.147431 -30.173231
10 11 4 11 -842.561371 -38.611833
10 11 5 0 692.767968 45.538753
10 11 5 1 564.598949 37.113627
10 11 5 2 436.596915 28.699478
10 11 5 3 308.723875 20.293808
10 11 5 4 180.941961 11.894129
10 11 5 5 53.213426 3.497958
10 11 5 6 -74.499408 -4.897181
10 11 5 7 -202.234219 -13.293765
10 11 5 8 -330.028702 -21.694270
10 11 5 9 -457.920608 -30.101180
10 11 5 10 -585.947826 -38.516985
10 11 5 11 -714.148393 -46.944185
10 11 6 0 821.142705 37.204326
10 11 6 1 692.766730 28.768218
10 11 6 2 564.596090 20.345604
10 11 6 3 436.592601 11.933975
10 11 6 4 308.718238 3.530830
10 11 6 5 180.935140 -4.866317
10 11 6 6 53.205570 -13.259946
10 11 6 7 -74.508172 -21.652535
10 11 6 8 -202.243754 -30.046560
10 11 6 9 -330.038862 -38.444496
10 11 6 10 -457.931266 -46.848826
10 11 6 11 -585.958844 -55.262039
10 11 7 0 949.774912 28.853182
10 11 7 1 821.151370 20.408689
10 11 7 2 692.771774 11.980211
10 11 7 3 564.597695 3.565225
10 11 7 4 436.590902 -4.838777
10 11 7 5 308.713377 -13.234293
10 11 7 6 180.927271 -21.623806
10 11 7 7 53.194819 -30.009798
10 11 7 8 -74.521668 -38.394741
10 11 7 9 -202.259860 -46.781109
10 11 7 10 -330.057452 -55.171376
10 11 7 11 -457.952213 -63.568024
10 11 8 0 1078.705660 20.482657
10 11 8 1 949.793631 12.032384
10 11 8 2 821.164465 3.600654
10 11 8 3 692.779441 -4.815073
10 11 8 4 564.600074 -13.217319
10 11 8 5 436.588138 -21.608590
10 11 8 6 308.705627 -29.991377
10 11 8 7 180.914662 -38.368163
10 11 8 8 53.177488 -46.741422
10 11 8 9 -74.543597 -55.113628
10 11 8 10 -202.286261 -63.487248
10 11 8 11 -330.088212 -71.864754
10 11 9 0 1207.976409 12.090058
10 11 9 1 1078.734610 3.636630
10 11 9 2 949.814949 -4.795728
10 11 9 3 821.178361 -13.209570
10 11 9 4 692.786060 -21.607434
10 11 9 5 564.599563 -29.991837
10 11 9 6 436.580660 -38.365278
10 11 9 7 308.691310 -46.730245
10 11 9 8 180.893640 -55.089215
10 11 9 9 53.149876 -63.444660
10 11 9 10 -74.577675 -71.799044
10 11 9 11 -202.326704 -80.154833
10 11 10 0 1337.629047 3.672665
10 11 10 1 1208.015776 -4.781275
10 11 10 2 1078.764327 -13.211617
10 11 10 3 949.835240 -21.620932
10 11 10 4 821.189378 -30.011774
10 11 10 5 692.787952 -38.386673
10 11 10 6 564.592497 -46.748137
10 11 10 7 436.564764 -55.098663
10 11 10 8 308.666718 -63.440729
10 11 10 9 180.860458 -71.776809
10 11 10 10 53.108225 -80.109364
10 11 10 11 -74.627705 -88.440857
11 12 0 0 -53.552825 93.991874
11 12 0 1 74.665097 85.667627
11 12 0 2 202.904713 77.341972
11 12 0 3 331.202191 69.012560
11 12 0 4 459.593750 60.677041
11 12 0 5 588.115727 52.333054
11 12 0 6 716.804603 43.978231
11 12 0 7 845.697051 35.610192
11 12 0 8 974.829993 27.226540
11 12 0 9 1104.240591 18.824862
11 12 0 10 1233.966338 10.402723
11 12 0 11 1364.045118 1.957664
11 12 1 0 -181.724210 85.709087
11 12 1 1 -53.500364 77.360027
11 12 1 2 74.708957 69.011913
11 12 1 3 202.939887 60.662392
11 12 1 4 331.228571 52.309110
11 12 1 5 459.611228 43.949710
11 12 1 6 588.124182 35.581825
11 12 1 7 716.803906 27.203082
11 12 1 8 845.687078 18.811091
11 12 1 9 974.810577 10.403452
11 12 1 10 1104.211568 1.977745
11 12 1 11 1233.927560 -6.468473
11 12 2 0 -309.949044 77.422845
11 12 2 1 -181.681147 69.051433
11 12 2 2 -53.464013 60.683334
11 12 2 3 74.738503 52.316189
11 12 2 4 202.962513 43.947641
11 12 2 5 331.244166 35.575332
11 12 2 6 459.619667 27.196897
11 12 2 7 588.125337 18.809967
11 12 2 8 716.797652 10.412160
11 12 2 9 845.673253 2.001086
11 12 2 10 974.789024 -6.425662
11 12 2 11 1104.182145 -14.870512
11 12 3 0 -438.265615 69.130675
11 12 3 1 -309.915483 60.739368
11 12 3 2 -181.652413 52.353753
11 12 3 3 -53.440205 43.971463
11 12 3 4 74.757262 35.590136
11 12 3 5 202.976107 27.207412
11 12 3 6 331.252467 18.820928
11 12 3 7 459.622548 10.428317
11 12 3 8 588.122671 2.027204
11 12 3 9 716.789284 -6.384795
11 12 3 10 845.659033 -14.810074
11 12 3 11 974.768814 -23.251045
11 12 4 0 -566.712308 60.830096
11 12 4 1 -438.241662 52.421350
11 12 4 2 -309.894481 44.020684
11 12 4 3 -181.634467 35.625724
11 12 4 4 -53.425446 27.234101
11 12 4 5 74.768715 18.843451
11 12 4 6 202.984123 10.451410
11 12 4 7 331.256918 2.055613
11 12 4 8 459.623306 -6.346309
11 12 4 9 588.119587 -14.756734
11 12 4 10 716.782215 -23.178046
11 12 4 11 845.647845 -31.612646
11 12 5 0 -695.327648 52.518619
11 12 5 1 -566.698067 44.094890
11 12 5 2 -438.228502 35.681640
11 12 5 3 -309.882514 27.276483
11 12 5 4 -181.623831 18.877044
11 12 5 5 -53.416264 10.480952
11 12 5 6 74.776309 2.085842
11 12 5 7 202.990001 -6.310651
11 12 5 8 331.260950 -14.710894
11 12 5 9 459.625350 -23.117257
11 12 5 10 588.119505 -31.532117
11 12 5 11 716.779878 -39.957863
11 12 6 0 -824.150380 44.193740
11 12 6 1 -695.323252 35.757491
11 12 6 2 -566.692881 27.334126
11 12 6 3 -438.222644 18.921248
11 12 6 4 -309.876129 10.516472
11 12 6 5 -181.617048 2.117421
11 12 6 6 -53.409221 -6.278273
11 12 6 7 74.783484 -14.672977
11 12 6 8 202.997178 -23.069055
11 12 6 9 331.267992 -31.468874
11 12 6 10 459.632126 -39.874804
11 12 6 11 588.125891 -48.289223
11 12 7 0 -953.219507 35.852938
11 12 7 1 -824.155981 27.406638
11 12 7 2 -695.326190 18.975635
11 12 7 3 -566.693283 10.557516
11 12 7 4 -438.220662 2.149887
11 12 7 5 -309.871897 -6.249636
11 12 7 6 -181.610706 -14.643428
11 12 7 7 -53.400898 -23.033858
11 12 7 8 74.793658 -31.423290
11 12 7 9 203.009070 -39.814086
11 12 7 10 331.281478 -48.208612
11 12 7 11 459.647086 -56.609238
11 12 8 0 -1082.574323 27.493674
11 12 8 1 -953.235265 19.039804
11 12 8 2 -824.167200 10.603648
11 12 8 3 -695.333004 2.182777
11 12 8 4 -566.695851 -6.225214
11 12 8 5 -438.219123 -14.622720
11 12 8 6 -309.866395 -23.012121
11 12 8 7 -181.601370 -31.395789
11 12 8 8 -53.387859 -39.776090
11 12 8 9 74.810272 -48.155386
11 12 8 10 203.029142 -56.536038
11 12 8 11 331.304892 -64.920407
11 12 9 0 -1212.254415 19.113389
11 12 9 1 -1082.600362 10.654444
11 12 9 2 -953.254889 2.215631
11 12 9 3 -824.180551 -6.205492
11 12 9 4 -695.340249 -14.611346
11 12 9 5 -566.697132 -23.004336
11 12 9 6 -438.214588 -31.386849
11 12 9 7 -309.856173 -39.761264
11 12 9 8 -181.585594 -48.129948
11 12 9 9 -53.366651 -56.495263
11 12 9 10 74.836799 -64.859568
11 12 9 11 203.060878 -73.225218
11 12 10 0 -1342.299851 10.709495
11 12 10 1 -1212.290956 2.247985
11 12 10 2 -1082.628600 -6.190971
11 12 10 3 -953.274971 -14.609834
11 12 10 4 -824.192653 -23.011038
11 12 10 5 -695.344518 -31.397001
11 12 10 6 -566.693720 -39.770121
11 12 10 7 -438.203625 -48.132781
11 12 10 8 -309.837792 -56.487354
11 12 10 9 -181.559913 -64.836203
11 12 10 10 -53.333775 -73.181684
11 12 10 11 74.876764 -81.526150
11 12 11 0 -1472.751078 2.279378
11 12 11 1 -1342.347066 -6.182166
11 12 11 2 -1212.327972 -14.618734
11 12 11 3 -1082.655572 -23.032806
11 12 11 4 -953.292083 -31.426833
11 12 11 5 -824.200057 -39.803246
11 12 11 6 -695.342368 -48.164454
11 12 11 7 -566.682149 -56.512848
11 12 11 8 -438.182766 -64.850807
11 12 11 9 -309.807758 -73.180694
11 12 11 10 -181.520803 -81.504869
11 12 11 11 -53.285691 -89.825679
12 13 0 0 -74.930841 92.610368
12 13 0 1 -203.650856 84.292126
12 13 0 2 -332.426430 75.970294
12 13 0 3 -461.292324 67.642626
12 13 0 4 -590.283404 59.306867
12 13 0 5 -719.434672 50.960757
12 13 0 6 -848.781293 42.602022
12 13 0 7 -978.358655 34.228377
12 13 0 8 -1108.202395 25.837517
12 13 0 9 -1238.348449 17.427121
12 13 0 10 -1368.833066 8.994846
12 13 0 11 -1499.692856 0.538326
12 13 1 0 53.712059 84.309465
12 13 1 1 -74.978337 75.967839
12 13 1 2 -203.689506 67.624866
12 13 1 3 -332.456138 59.278298
12 13 1 4 -461.312994 50.925881
12 13 1 5 -590.294928 42.565357
12 13 1 6 -719.436923 34.194458
12 13 1 7 -848.774145 25.810905
12 13 1 8 -978.341967 17.412404
12 13 1 9 -1108.176025 8.996646
12 13 1 10 -1238.312224 0.561304
12 13 1 11 -1368.786795 -7.895972
12 13 2 0 182.369609 76.007617
12 13 2 1 53.672294 67.644967
12 13 2 2 -75.011031 59.283226
12 13 2 3 -203.715025 50.920142
12 13 2 4 -332.474383 42.553460
12 13 2 5 -461.323851 34.180923
12 13 2 6 -590.298273 25.800266
12 13 2 7 -719.432628 17.409218
12 13 2 8 -848.762072 9.005492
12 13 2 9 -978.321979 0.586791
12 13 2 10 -1108.147957 -7.849199
12 13 2 11 -1238.275895 -16.304810
12 13 3 0 311.078455 67.702459
12 13 3 1 182.337677 59.321141
12 13 3 2 53.645669 50.942997
12 13 3 3 -75.032237 42.565772
12 13 3 4 -203.730711 34.187208
12 13 3 5 -332.484428 25.805047
12 13 3 6 -461.328135 17.417028
12 13 3 7 -590.296665 9.020882
12 13 3 8 -719.424995 0.614333
12 13 3 9 -848.748280 -7.804907
12 13 3 10 -978.301870 -16.239142
12 13 3 11 -1108.121359 -24.690687
12 13 4 0 439.875285 59.391624
12 13 4 1 311.054451 50.993990
12 13 4 2 182.317222 42.601806
12 13 4 3 53.628883 34.212810
12 13 4 4 -75.045252 25.824739
12 13 4 5 -203.739826 17.435336
12 13 4 6 -332.489527 9.042339
12 13 4 7 -461.329084 0.643485
12 13 4 8 -590.293335 -7.763498
12 13 4 9 -719.417254 -16.180890
12 13 4 10 -848.735979 -24.610980
12 13 4 11 -978.284847 -33.056073
12 13 5 0 568.796898 51.072737
12 13 5 1 439.859323 42.661140
12 13 5 2 311.040285 34.257276
12 13 5 3 182.304979 25.858875
12 13 5 4 53.618669 17.463670
12 13 5 5 -75.053302 9.069400
12 13 5 6 -203.745600 0.673805
12 13 5 7 -332.492888 -7.725378
12 13 5 8 -461.329906 -16.130415
12 13 5 9 -590.291490 -24.543578
12 13 5 10 -719.412601 -32.967149
12 13 5 11 -848.728364 -41.403418
12 13 6 0 697.880228 42.743415
12 13 6 1 568.789095 34.320209
12 13 6 2 439.851566 25.907027
12 13 6 3 311.032707 17.501588
12 13 6 4 182.297690 9.101619
12 13 6 5 53.611808 0.704857
12 13 6 6 -75.059623 -7.690963
12 13 6 7 -203.751243 -16.088100
12 13 6 8 -332.497730 -24.488817
12 13 6 9 -461.333823 -32.895381
12 13 6 10 -590.294347 -41.310064
12 13 6 11 -719.414255 -49.735146
12 13 7 0 827.162399 34.401262
12 13 7 1 697.880716 25.968808
12 13 7 2 568.787879 17.548673
12 13 7 3 439.848786 9.138565
12 13 7 4 311.028475 0.736205
12 13 7 5 182.292153 -7.660677
12 13 7 6 53.605074 -16.054347
12 13 7 7 -75.067412 -24.447066
12 13 7 8 -203.759968 -32.841093
12 13 7 9 -332.507270 -41.238691
12 13 7 10 -461.344051 -49.642126
12 13 7 11 -590.305129 -58.053668
12 13 8 0 956.680776 26.043867
12 13 8 1 827.171332 17.604534
12 13 8 2 697.886190 9.179817
12 13 8 3 568.790042 0.767415
12 13 8 4 439.847753 -7.634960
12 13 8 5 311.024401 -16.029586
12 13 8 6 182.285142 -24.418731
12 13 8 7 53.595271 -32.804658
12 13 8 8 -75.079893 -41.189627
12 13 8 9 -203.775007 -49.575895
12 13 8 10 -332.524749 -57.965724
12 13 8 11 -461.363844 -66.361375
12 13 9 0 1086.472966 17.668805
12 13 9 1 956.698287 9.224969
12 13 9 2 827.183627 0.798052
12 13 9 3 697.893427 -7.614260
12 13 9 4 568.792338 -16.014268
12 13 9 5 439.845268 -24.404255
12 13 9 6 311.017238 -32.786496
12 13 9 7 182.273448 -41.163257
12 13 9 8 53.579158 -49.536796
12 13 9 9 -75.100309 -57.909371
12 13 9 10 -203.799616 -66.283237
12 13 9 11 -332.553433 -74.660650
12 13 10 0 1216.576899 9.273626
12 13 10 1 1086.499211 0.827681
12 13 10 2 956.717557 -7.599043
12 13 10 3 827.196085 -16.008873
12 13 10 4 697.899193 -24.404121
12 13 10 5 568.791580 -32.787080
12 13 10 6 439.838087 -41.160031
12 13 10 7 311.003783 -49.525243
12 13 10 8 182.253828 -57.884979
12 13 10 9 53.553485 -66.241493
12 13 10 10 -75.131932 -74.597038
12 13 10 11 -203.837078 -82.953865
12 13 11 0 1347.030899 0.855859
12 13 11 1 1216.612074 -7.589788
12 13 11 2 1086.525639 -16.013910
12 13 11 3 956.735408 -24.418850
12 13 11 4 827.205484 -32.806934
12 13 11 5 697.900315 -41.180463
12 13 11 6 568.784523 -49.541729
12 13 11 7 439.823003 -57.893004
12 13 11 8 310.980776 -66.236554
12 13 11 9 182.223009 -74.574634
12 13 11 10 53.514950 -82.909496
12 13 11 11 -75.178081 -91.243384
13 14 0 0 -53.924371 91.254890
13 14 0 1 75.246534 82.919916
13 14 0 2 204.437429 74.583653
13 14 0 3 333.681639 66.243950
13 14 0 4 463.012548 57.898652
13 14 0 5 592.463632 49.545600
13 14 0 6 722.068505 41.182625
13 14 0 7 851.860884 32.807550
13 14 0 8 981.874768 24.418182
13 14 0 9 1112.144312 16.012317
13 14 0 10 1242.703966 7.587733
13 14 0 11 1373.588508 -0.857816
13 14 1 0 -183.058163 82.959911
13 14 1 1 -53.881156 74.602986
13 14 1 2 75.282454 66.246928
13 14 1 3 204.465959 57.889583
13 14 1 4 333.702685 49.528794
13 14 1 5 463.026006 41.162404
13 14 1 6 592.469404 32.788245
13 14 1 7 722.066433 24.404148
13 14 1 8 851.850882 16.007925
13 14 1 9 981.856671 7.597383
13 14 1 10 1112.117975 -0.829689
13 14 1 11 1242.669255 -9.275520
13 14 2 0 -312.241133 74.661773
13 14 2 1 -183.022954 66.285147
13 14 2 2 -53.851575 57.911554
13 14 2 3 75.306301 49.538837
13 14 2 4 204.483978 41.164836
13 14 2 5 333.714765 32.787393
13 14 2 6 463.032045 24.404342
13 14 2 7 592.469250 16.013517
13 14 2 8 722.059995 7.612739
13 14 2 9 851.838004 -0.800179
13 14 2 10 981.837214 -9.227436
13 14 2 11 1112.091807 -17.671248
13 14 3 0 -441.508486 66.358216
13 14 3 1 -312.214021 57.964135
13 14 3 2 -182.999808 49.575264
13 14 3 3 -53.832513 41.189440
13 14 3 4 75.321185 32.804498
13 14 3 5 204.494565 24.418278
13 14 3 6 333.720949 16.028617
13 14 3 7 463.033683 7.633350
13 14 3 8 592.466245 -0.769696
13 14 3 9 722.052198 -9.182701
13 14 3 10 851.825279 -17.607854
13 14 3 11 981.819435 -26.047361
13 14 4 0 -570.895526 58.046970
13 14 4 1 -441.489579 49.637680
13 14 4 2 -312.197425 41.235786
13 14 4 3 -182.985654 32.839115
13 14 4 4 -53.820894 24.445500
13 14 4 5 75.330142 16.052776
13 14 4 6 204.500751 7.658780
13 14 4 7 333.724227 -0.738651
13 14 4 8 463.033951 -9.141687
13 14 4 9 592.463360 -17.552501
13 14 4 10 722.046032 -25.973274
13 14 4 11 851.815709 -34.406200
13 14 5 0 -700.437686 49.725759
13 14 5 1 -570.884937 41.303510
13 14 5 2 -441.479646 32.890847
13 14 5 3 -312.188290 24.485591
13 14 5 4 -182.977411 16.085567
13 14 5 5 -53.813678 7.688608
13 14 5 6 75.336220 -0.707452
13 14 5 7 204.505559 -9.104775
13 14 5 8 333.727659 -17.505529
13 14 5 9 463.035870 -25.911881
13 14 5 10 592.463643 -34.326005
13 14 5 11 722.044559 -42.750085
13 14 6 0 -830.170556 41.392299
13 14 6 1 -700.435528 32.959341
13 14 6 2 -570.881786 24.538168
13 14 6 3 -441.475655 16.126589
13 14 6 4 -312.183554 7.722423
13 14 6 5 -182.972071 -0.676504
13 14 6 6 -53.807849 -9.072358
13 14 6 7 75.342411 -17.467305
13 14 6 8 204.512002 -25.863508
13 14 6 9 333.734223 -34.263132
13 14 6 10 463.042438 -42.668346
13 14 6 11 592.470098 -51.081324
13 14 7 0 -960.129946 33.044287
13 14 7 1 -830.176962 24.602881
13 14 7 2 -700.439289 16.175460
13 14 7 3 -570.883065 7.759825
13 14 7 4 -441.474547 -0.646214
13 14 7 5 -312.180209 -9.044837
13 14 7 6 -182.966607 -17.438216
13 14 7 7 -53.800387 -25.828516
13 14 7 8 75.351756 -34.217903
13 14 7 9 204.523106 -42.608536
13 14 7 10 333.746974 -51.002582
13 14 7 11 463.056723 -59.402206
13 14 8 0 -1090.351910 24.679409
13 14 8 1 -960.145055 16.231821
13 14 8 2 -830.187770 7.800425
13 14 8 3 -700.445972 -0.616992
13 14 8 4 -570.885718 -9.022630
13 14 8 5 -441.473329 -17.418675
13 14 8 6 -312.175240 -25.807304
13 14 8 7 -182.958003 -34.190687
13 14 8 8 -53.788267 -42.570989
13 14 8 9 75.367273 -50.950370
13 14 8 10 204.541914 -59.330990
13 14 8 11 333.768963 -67.715010
13 14 9 0 -1220.872803 16.295330
13 14 9 1 -1090.375880 7.843839
13 14 9 2 -960.163063 -0.589251
13 14 9 3 -830.200005 -9.006166
13 14 9 4 -700.452529 -17.409119
13 14 9 5 -570.886764 -25.800304
13 14 9 6 -441.468988 -34.181905
13 14 9 7 -312.165621 -42.556096
13 14 9 8 -182.943232 -50.925042
13 14 9 9 -53.768455 -59.290905
13 14 9 10 75.392025 -67.655842
13 14 9 11 204.571498 -76.022010
13 14 10 0 -1351.729285 7.889693
13 14 10 1 -1220.905781 -0.563405
13 14 10 2 -1090.401232 -8.995895
13 14 10 3 -960.180989 -17.410014
13 14 10 4 -830.210601 -25.807989
13 14 10 5 -700.455968 -34.192023
13 14 10 6 -570.883175 -42.564307
13 14 10 7 -441.458475 -50.927023
13 14 10 8 -312.148315 -59.282337
13 14 10 9 -182.919237 -67.632413
13 14 10 10 -53.737868 -75.979406
13 14 10 11 75.429101 -84.325468
13 14 11 0 -1482.958384 -0.539878
13 14 11 1 -1351.771425 -8.992275
13 14 11 2 -1220.938623 -17.421853
13 14 11 3 -1090.424987 -25.830867
13 14 11 4 -960.195754 -34.221557
13 14 11 5 -830.216559 -42.596137
13 14 11 6 -700.453251 -50.956807
13 14 11 7 -570.871881 -59.305755
13 14 11 8 -441.438739 -67.645152
13 14 11 9 -312.120236 -75.977164
13 14 11 10 -182.882906 -84.303945
13 14 11 11 -53.693385 -92.627646
14 15 0 0 -70.213611 90.208541
14 15 0 1 -189.820421 82.525534
14 15 0 2 -309.459664 74.840443
14 15 0 3 -429.167798 67.150926
14 15 0 4 -548.981356 59.454638
14 15 0 5 -668.936944 51.749226
14 15 0 6 -789.071333 44.032329
14 15 0 7 -909.421500 36.301572
14 15 0 8 -1030.024634 28.554564
14 15 0 9 -1150.918270 20.788897
14 15 0 10 -1272.140275 13.002136
14 15 0 11 -1393.728870 5.191827
14 15 1 0 49.452091 81.258533
14 15 1 1 -70.153018 73.554939
14 15 1 2 -189.758605 65.851313
14 15 1 3 -309.401088 58.145312
14 15 1 4 -429.116927 50.434585
14 15 1 5 -548.942621 42.716783
14 15 1 6 -668.914796 34.989547
14 15 1 7 -789.070249 27.250505
14 15 1 8 -909.445955 19.497278
14 15 1 9 -1030.079191 11.727463
14 15 1 10 -1151.007533 3.938641
14 15 1 11 -1272.268873 -3.871629
14 15 2 0 169.151463 72.306007
14 15 2 1 49.519396 64.583968
14 15 2 2 -70.081202 56.863961
14 15 2 3 -189.686740 49.143635
14 15 2 4 -309.333638 41.420639
14 15 2 5 -429.058318 33.692622
14 15 2 6 -548.897296 25.957228
14 15 2 7 -668.887219 18.212090
14 15 2 8 -789.064882 10.454834
14 15 2 9 -909.467337 2.683069
14 15 2 10 -1030.131902 -5.105616
14 15 2 11 -1151.096178 -12.913646
14 15 3 0 288.908495 63.349168
14 15 3 1 169.220782 55.610825
14 15 3 2 49.596508 47.876585
14 15 3 3 -70.000761 40.144090
14 15 3 4 -189.607435 32.410988
14 15 3 5 -309.259894 24.674925
14 15 3 6 -428.994571 16.933547
14 15 3 7 -548.847999 9.184490
14 15 3 8 -668.856824 1.425387
14 15 3 9 -789.057906 -6.346147
14 15 3 10 -909.488340 -14.132509
14 15 3 11 -1030.185467 -21.936114
14 15 4 0 408.747262 54.386215
14 15 4 1 288.975169 46.633710
14 15 4 2 169.298534 38.887383
14 15 4 3 49.680870 31.144873
14 15 4 4 -69.914258 23.403822
14 15 4 5 -189.523214 15.661876
14 15 4 6 -309.182387 7.916680
14 15 4 7 -428.928225 0.165873
14 15 4 8 -548.797256 -7.592907
14 15 4 9 -668.826183 -15.362036
14 15 4 10 -789.051908 -23.143904
14 15 4 11 -909.511547 -30.940913
14 15 5 0 528.691929 45.415343
14 15 5 1 408.806640 37.650816
14 15 5 2 289.048910 29.894550
14 15 5 3 169.382165 22.144178
14 15 5 4 49.769914 14.397334
14 15 5 5 -69.824225 6.651664
14 15 5 6 -189.436624 -1.095189
14 15 5 7 -309.103680 -8.845582
14 15 5 8 -428.861837 -16.601875
14 15 5 9 -548.747669 -24.366437
14 15 5 10 -668.797922 -32.141648
14 15 5 11 -789.049518 -39.929899
14 15 6 0 648.766784 36.434733
14 15 6 1 528.739378 28.660331
14 15 6 2 408.871742 20.896276
14 15 6 3 289.127183 13.140194
14 15 6 4 169.469123 5.389715
14 15 6 5 49.861129 -2.357522
14 15 6 6 -69.733185 -10.103872
14 15 6 7 -189.350195 -17.851693
14 15 6 8 -309.026295 -25.603341
14 15 6 9 -428.797964 -33.361179
14 15 6 10 -548.701819 -41.127579
14 15 6 11 -668.774626 -48.904922
14 15 7 0 768.996193 27.442564
14 15 7 1 648.797622 19.660437
14 15 7 2 528.791172 11.890748
14 15 7 3 408.939999 4.131113
14 15 7 4 289.207407 -3.620845
14 15 7 5 169.556881 -11.367490
14 15 7 6 49.951985 -19.111180
14 15 7 7 -69.643666 -26.854272
14 15 7 8 -189.266446 -34.599121
14 15 7 9 -308.952771 -42.348083
14 15 7 10 -428.739163 -50.103525
14 15 7 11 -548.662261 -57.867817
14 15 8 0 889.404730 18.436998
14 15 8 1 769.005784 10.649305
14 15 8 2 648.831480 2.876143
14 15 8 3 528.844792 -4.884884
14 15 8 4 409.008870 -12.636159
14 15 8 5 289.287087 -20.380052
14 15 8 6 169.642928 -28.118923
14 15 8 7 50.039964 -35.855130
14 15 8 8 -69.558188 -43.591026
14 15 8 9 -189.187915 -51.328964
14 15 8 10 -308.885676 -59.071302
14 15 8 11 -428.688014 -66.820405
14 15 9 0 1010.017072 9.416189
14 15 9 1 889.388356 1.625099
14 15 9 2 769.017004 -6.149368
14 15 9 3 648.865775 -13.909618
14 15 9 4 528.897634 -21.658043
14 15 9 5 409.075808 -29.397018
14 15 9 6 289.363671 -37.128909
14 15 9 7 169.724719 -44.856072
14 15 9 8 50.122526 -52.580862
14 15 9 9 -69.479294 -60.305627
14 15 9 10 -189.117170 -68.032721
14 15 9 11 -308.827583 -75.764500
14 15 10 0 1130.858086 0.378277
14 15 10 1 1009.969994 -7.414029
14 15 10 2 889.372220 -15.187622
14 15 10 3 769.027272 -22.944918
14 15 10 4 648.897901 -30.688318
14 15 10 5 528.947155 -38.420204
14 15 10 6 409.138262 -46.142947
14 15 10 7 289.434615 -53.858905
14 15 10 8 169.799711 -61.570432
14 15 10 9 50.197133 -69.279876
14 15 10 10 -69.409551 -76.989584
14 15 10 11 -189.056787 -84.701906
14 15 11 0 1251.952854 -8.678614
14 15 11 1 1130.775533 -16.469942
14 15 11 2 1009.921748 -24.240468
14 15 11 3 889.353724 -31.992621
14 15 11 4 769.033960 -39.728811
14 15 11 5 648.925293 -47.451429
14 15 11 6 528.990776 -55.162849
14 15 11 7 409.193663 -62.865434
14 15 11 8 289.497345 -70.561539
14 15 11 9 169.865339 -78.253509
14 15 11 10 50.261184 -85.943688
14 15 11 11 -69.351570 -93.634419
15 16 0 0 9.199399 84.269103
15 16 0 1 120.680779 75.931214
15 16 0 2 232.191192 67.591154
15 16 0 3 343.757072 59.246946
15 16 0 4 455.404893 50.896609
15 16 0 5 567.161230 42.538156
15 16 0 6 679.052739 34.169593
15 16 0 7 791.106216 25.788917
15 16 0 8 903.348618 17.394110
15 16 0 9 1015.807066 8.983145
15 16 0 10 1128.508874 0.553979
15 16 1 0 -102.242344 75.960442
15 16 1 1 9.231106 67.604088
15 16 1 2 120.707115 59.247542
15 16 1 3 232.212086 50.888825
15 16 1 4 343.772431 42.525958
15 16 1 5 455.414645 34.156953
15 16 1 6 567.165273 25.779821
15 16 1 7 679.050978 17.392563
15 16 1 8 791.098556 8.993171
15 16 1 9 903.334942 0.579625
15 16 1 10 1015.787238 -7.850106
15 16 2 0 -213.709133 67.649914
15 16 2 1 -102.215884 59.277162
15 16 2 2 9.253455 50.906207
15 16 2 3 120.725276 42.535064
15 16 2 4 232.225963 34.161754
15 16 2 5 343.781951 25.784291
15 16 2 6 455.419705 17.400688
15 16 2 7 567.165780 9.008950
15 16 2 8 679.046837 0.607076
15 16 2 9 791.089654 -7.806947
15 16 2 10 903.321149 -16.235138
15 16 3 0 -325.228794 59.335444
15 16 3 1 -213.687993 50.948360
15 16 3 2 -102.197595 42.565066
15 16 3 3 9.268808 34.183576
15 16 3 4 120.737596 25.801907
15 16 3 5 232.235172 17.418074
15 16 3 6 343.787948 9.030089
15 16 3 7 455.422396 0.635964
15 16 3 8 567.165073 -7.766300
15 16 3 9 679.042623 -16.178705
15 16 3 10 791.081810 -24.603264
15 16 4 0 -436.829224 51.014952
15 16 4 1 -325.213073 42.615600
15 16 4 2 -213.673868 34.222038
15 16 4 3 -102.185158 25.832276
15 16 4 4 9.279458 17.444327
15 16 4 5 120.746378 9.056205
15 16 4 6 232.241987 0.665924
15 16 4 7 343.792701 -7.728504
15 16 4 8 455.424997 -16.129072
15 16 4 9 567.165415 -24.537775
15 16 4 10 679.040591 -32.956619
15 16 5 0 -548.538377 42.686354
15 16 5 1 -436.819000 34.276799
15 16 5 2 -325.203190 25.875040
15 16 5 3 -213.664427 17.479080
15 16 5 4 -102.176260 9.086928
15 16 5 5 9.287730 0.696597
15 16 5 6 120.753926 -7.693900
15 16 5 7 232.248714 -16.086550
15 16 5 8 343.798521 -24.483341
15 16 5 9 455.429806 -32.886265
15 16 5 10 567.169104 -41.297320
15 16 6 0 -660.384326 34.347558
15 16 6 1 -548.533746 25.929868
15 16 6 2 -436.813457 17.521983
15 16 6 3 -325.196843 9.121901
15 16 6 4 -213.657379 0.727625
15 16 6 5 -102.168598 -7.662837
15 16 6 6 9.295909 -16.051471
15 16 6 7 120.762525 -24.440265
15 16 6 8 232.257650 -32.831204
15 16 6 9 343.807691 -41.226276
15 16 6 10 455.439109 -49.627472
15 16 7 0 -772.395290 25.996458
15 16 7 1 -660.385397 17.572707
15 16 7 2 -548.532652 9.160774
15 16 7 3 -436.810312 0.758649
15 16 7 4 -325.191753 -7.635671
15 16 7 5 -213.650432 -16.024183
15 16 7 6 -102.159891 -24.408876
15 16 7 7 9.306278 -32.791736
15 16 7 8 120.774474 -41.174748
15 16 7 9 232.271080 -49.559897
15 16 7 10 343.822508 -57.949169
15 16 8 0 -884.599623 17.630942
15 16 8 1 -772.402152 9.203211
15 16 8 2 -660.388841 0.789313
15 16 8 3 -548.532797 -7.612772
15 16 8 4 -436.807269 -16.005052
15 16 8 5 -325.185612 -24.389531
15 16 8 6 -213.641290 -32.768200
15 16 8 7 -102.147846 -41.143048
15 16 8 8 9.321146 -49.516059
15 16 8 9 120.792069 -57.889216
15 16 8 10 232.291315 -66.264499
15 16 9 0 -997.025913 9.248877
15 16 9 1 -884.612406 0.819257
15 16 9 2 -772.410256 -7.594514
15 16 9 3 -660.392394 -15.994466
15 16 9 4 -548.531912 -24.382616
15 16 9 5 -436.802038 -32.760972
15 16 9 6 -325.176132 -41.131532
15 16 9 7 -213.627661 -49.496285
15 16 9 8 -102.130143 -57.857218
15 16 9 9 9.342828 -66.216309
15 16 9 10 120.817650 -74.575540
15 16 10 0 -1109.702965 0.848116
15 16 10 1 -997.044745 -7.581291
15 16 10 2 -884.625294 -15.992833
15 16 10 3 -772.417337 -24.388550
15 16 10 4 -660.393781 -32.770470
15 16 10 5 -548.527702 -41.140607
15 16 10 6 -436.792327 -49.500964
15 16 10 7 -325.161020 -57.853535
15 16 10 8 -213.607221 -66.200306
15 16 10 9 -102.104468 -74.543258
15 16 10 10 9.373665 -82.884368
15 16 11 0 -1222.659797 -7.573503
15 16 11 1 -1109.727946 -16.000582
15 16 11 2 -997.062515 -24.407779
15 16 11 3 -884.635995 -32.797149
15 16 11 4 -772.421086 -41.170728
15 16 11 5 -660.390680 -49.530540
15 16 11 6 -548.517844 -57.878593
15 16 11 7 -436.775813 -66.216886
15 16 11 8 -325.137921 -74.547408
15 16 11 9 -213.577628 -82.872139
15 16 11 10 -102.068448 -91.193056
16 17 0 0 46.700643 87.065049
16 17 0 1 -65.185790 78.723234
16 17 0 2 -177.087470 70.380282
16 17 0 3 -289.029827 62.034297
16 17 0 4 -401.038348 53.683380
16 17 0 5 -513.138555 45.325627
16 17 0 6 -625.356078 36.959127
16 17 0 7 -737.716644 28.581962
16 17 0 8 -850.246106 20.192205
16 17 0 9 -962.970494 11.787916
16 17 0 10 -1075.915969 3.367143
16 17 0 11 -1189.108961 -5.072084
16 17 1 0 158.561002 78.761491
16 17 1 1 46.669248 70.401334
16 17 1 2 -65.212257 62.041943
16 17 1 3 -177.108929 53.681419
16 17 1 4 -289.046212 45.317860
16 17 1 5 -401.049563 36.949365
16 17 1 6 -513.144523 28.574025
16 17 1 7 -625.356707 20.189927
16 17 1 8 -737.711833 11.795149
16 17 1 9 -850.235769 3.387758
16 17 1 10 -962.954495 -5.034188
16 17 1 11 -1075.894227 -13.472646
16 17 2 0 270.458812 70.455153
16 17 2 1 158.535047 62.078633
16 17 2 2 46.647036 53.704790
16 17 2 3 -65.230647 45.331720
16 17 2 4 -177.123424 36.957520
16 17 2 5 -289.056716 28.580288
16 17 2 6 -401.055999 20.198118
16 17 2 7 -513.146798 11.809097
16 17 2 8 -625.354722 3.411312
16 17 2 9 -737.705502 -4.997166
16 17 2 10 -850.224963 -13.418267
16 17 2 11 -962.939134 -21.853941
16 17 3 0 382.420882 62.144044
16 17 3 1 270.438381 53.753141
16 17 3 2 158.517173 45.366830
16 17 3 3 46.631800 36.983204
16 17 3 4 -65.243167 28.600358
16 17 3 5 -177.133133 20.216387
16 17 3 6 -289.063533 11.829388
16 17 3 7 -401.059831 3.437450
16 17 3 8 -513.147549 -4.961338
16 17 3 9 -625.352307 -13.368895
16 17 3 10 -737.699799 -21.787148
16 17 3 11 -850.215892 -30.218034
16 17 4 0 494.474061 53.826173
16 17 4 1 382.406044 45.422861
16 17 4 2 270.424919 37.026066
16 17 4 3 158.505169 28.633872
16 17 4 4 46.621336 20.244372
16 17 4 5 -65.251996 11.855659
16 17 4 6 -177.140243 3.465827
16 17 4 7 -289.068833 -4.927029
16 17 4 8 -401.063225 -13.324820
16 17 4 9 -513.148953 -21.729459
16 17 4 10 -625.351605 -30.142866
16 17 4 11 -737.696913 -38.566970
16 17 5 0 606.645314 45.499537
16 17 5 1 494.464918 37.085796
16 17 5 2 382.397096 28.680500
16 17 5 3 270.416248 20.281726
16 17 5 4 158.496863 11.887562
16 17 5 5 46.613490 3.496099
16 17 5 6 -65.259295 -4.894570
16 17 5 7 -177.146906 -13.286350
16 17 5 8 -289.074763 -21.681149
16 17 5 9 -401.068340 -30.080878
16 17 5 10 -513.153145 -38.487448
16 17 5 11 -625.354795 -46.902783
16 17 6 0 718.961691 37.162127
16 17 6 1 606.641948 28.739941
16 17 6 2 494.460568 20.328129
16 17 6 3 382.391845 11.924765
16 17 6 4 270.410189 3.527929
16 17 6 5 158.490090 -4.864291
16 17 6 6 46.606093 -13.253803
16 17 6 7 -65.267226 -21.642516
16 17 6 8 -177.155276 -30.032332
16 17 6 9 -289.083493 -38.425161
16 17 6 10 -401.077326 -46.822909
16 17 6 11 -513.162309 -55.227493
16 17 7 0 831.450398 28.811926
16 17 7 1 718.964203 20.383280
16 17 7 2 606.642295 11.966945
16 17 7 3 494.458833 3.560983
16 17 7 4 382.388126 -4.836530
16 17 7 5 270.404582 -13.227512
16 17 7 6 158.482686 -21.613875
16 17 7 7 46.596982 -29.997525
16 17 7 8 -65.277950 -38.380369
16 17 7 9 -177.167535 -46.764310
16 17 7 10 -289.097190 -55.151254
16 17 7 11 -401.092384 -63.543109
16 17 8 0 944.138806 20.446901
16 17 8 1 831.458897 12.013791
16 17 8 2 718.969355 3.594928
16 17 8 3 606.644182 -4.811633
16 17 8 4 494.457562 -13.207824
16 17 8 5 382.383790 -21.595570
16 17 8 6 270.397275 -29.976785
16 17 8 7 158.472499 -38.353380
16 17 8 8 46.584007 -46.727259
16 17 8 9 -65.293636 -55.100326
16 17 8 10 -177.185841 -63.474483
16 17 8 11 -289.118039 -71.851633
16 17 9 0 1057.054471 12.065006
16 17 9 1 944.153397 3.629436
16 17 9 2 831.468953 -4.789948
16 17 9 3 718.974962 -13.195102
16 17 9 4 606.645451 -21.587966
16 17 9 5 494.454586 -29.970472
16 17 9 6 382.376667 -38.344538
16 17 9 7 270.386094 -46.712078
16 17 9 8 158.457353 -55.074999
16 17 9 9 46.564971 -63.435202
16 17 9 10 -65.316478 -71.794589
16 17 9 11 -177.212412 -80.155058
16 17 10 0 1170.225145 3.664181
16 17 10 1 1057.075245 -4.771833
16 17 10 2 944.168449 -13.189723
16 17 10 3 831.478370 -21.591455
16 17 10 4 718.978860 -29.978978
16 17 10 5 606.643924 -38.354232
16 17 10 6 494.447734 -46.719141
16 17 10 7 382.364580 -55.075623
16 17 10 8 270.368863 -63.425586
16 17 10 9 158.435051 -71.770933
16 17 10 10 46.537676 -80.113564
16 17 10 11 -65.348688 -88.455374
17 18 0 0 -46.881590 94.011795
17 18 0 1 65.416867 85.675716
17 18 0 2 177.730050 77.338544
17 18 0 3 290.082477 68.998459
17 18 0 4 402.498700 60.653638
17 18 0 5 515.003334 52.302255
17 18 0 6 627.621076 43.942475
17 18 0 7 740.376708 35.572459
17 18 0 8 853.295133 27.190359
17 18 0 9 966.401435 18.794313
17 18 0 10 1079.720790 10.382452
17 18 0 11 1193.278646 1.952886
17 18 1 0 -159.151053 85.714153
17 18 1 1 -46.847843 77.358909
17 18 1 2 65.445522 69.004398
17 18 1 3 177.753540 60.648797
17 18 1 4 290.100727 52.290282
17 18 1 5 402.511637 43.927026
17 18 1 6 515.010881 35.557198
17 18 1 7 627.623140 27.178962
17 18 1 8 740.373193 18.790474
17 18 1 9 853.285969 10.389879
17 18 1 10 966.386481 1.975317
17 18 1 11 1079.699977 -6.455090
17 18 2 0 -271.456563 77.413846
17 18 2 1 -159.122888 69.041337
17 18 2 2 -46.823638 60.671393
17 18 2 3 65.465687 52.302189
17 18 2 4 177.769589 43.931899
17 18 2 5 290.112583 35.558695
17 18 2 6 402.519221 27.180747
17 18 2 7 515.014102 18.796223
17 18 2 8 627.621904 10.403282
17 18 2 9 740.367427 2.000077
17 18 2 10 853.275541 -6.415247
17 18 2 11 966.371321 -14.844558
17 18 3 0 -383.823919 69.108969
17 18 3 1 -271.434044 60.721089
17 18 3 2 -159.103204 52.337616
17 18 3 3 -46.806878 43.956718
17 18 3 4 65.479448 35.576566
17 18 3 5 177.780272 27.195333
17 18 3 6 290.120105 18.811188
17 18 3 7 402.523492 10.422300
17 18 3 8 515.015030 2.026833
17 18 3 9 627.619415 -6.377056
17 18 3 10 740.361396 -14.791214
17 18 3 11 853.265898 -23.217501
17 18 4 0 -496.279001 60.797608
17 18 4 1 -383.807135 52.396253
17 18 4 2 -271.418970 44.001151
17 18 4 3 -159.089938 35.610466
17 18 4 4 -46.795493 27.222365
17 18 4 5 65.488867 18.835016
17 18 4 6 177.787640 10.446591
17 18 4 7 290.125335 2.055259
17 18 4 8 402.526492 -6.340813
17 18 4 9 515.015725 -14.743465
17 18 4 10 627.617687 -23.154537
17 18 4 11 740.357174 -31.575882
17 18 5 0 -608.847735 52.477847
17 18 5 1 -496.268016 44.064914
17 18 5 2 -383.796739 35.660085
17 18 5 3 -271.409271 27.261518
17 18 5 4 -159.081007 18.867376
17 18 5 5 -46.787420 10.475825
17 18 5 6 65.495996 2.085035
17 18 5 7 177.793737 -6.306827
17 18 5 8 290.130312 -14.701590
17 18 5 9 402.530271 -23.101089
17 18 5 10 515.018195 -31.507163
17 18 5 11 627.618777 -39.921655
17 18 6 0 -721.556185 44.147760
17 18 6 1 -608.842649 35.725147
17 18 6 2 -496.262397 27.312495
17 18 6 3 -383.790705 18.907954
17 18 6 4 -271.402890 10.509681
17 18 6 5 -159.074375 2.115840
17 18 6 6 -46.780625 -6.275404
17 18 6 7 65.502867 -14.665881
17 18 6 8 177.800599 -23.057422
17 18 6 9 290.137082 -31.451859
17 18 6 10 402.536849 -39.851024
17 18 6 11 515.024508 -48.256758
17 18 7 0 -834.430528 35.805412
17 18 7 1 -721.557088 27.375024
17 18 7 2 -608.841897 18.956455
17 18 7 3 -496.260116 10.547850
17 18 7 4 -383.786964 2.147359
17 18 7 5 -271.397789 -6.246860
17 18 7 6 -159.068003 -14.636643
17 18 7 7 -46.773069 -23.023823
17 18 7 8 65.511523 -31.410231
17 18 7 9 177.810271 -39.797696
17 18 7 10 290.147678 -48.188048
17 18 7 11 402.548294 -56.583122
17 18 8 0 -947.497091 27.448857
17 18 8 1 -834.437512 19.012603
17 18 8 2 -721.561293 10.590032
17 18 8 3 -608.843460 2.179278
17 18 8 4 -496.259104 -6.221516
17 18 8 5 -383.783481 -14.614196
17 18 8 6 -271.391928 -23.000603
17 18 8 7 -159.059849 -31.382573
17 18 8 8 -46.762704 -39.761935
17 18 8 9 65.524014 -48.140520
17 18 8 10 177.824801 -56.520154
17 18 8 11 290.164173 -64.902668
17 18 9 0 -1060.782397 19.076136
17 18 9 1 -947.510273 10.635934
17 18 9 2 -834.446790 2.211280
17 18 9 3 -721.566812 -6.199702
17 18 9 4 -608.845285 -14.598876
17 18 9 5 -496.257346 -22.988097
17 18 9 6 -383.778233 -31.369209
17 18 9 7 -271.383275 -39.744050
17 18 9 8 -159.047871 -48.114454
17 18 9 9 -46.747489 -56.482248
17 18 9 10 65.542387 -64.849259
17 18 9 11 177.846257 -73.217313
17 18 10 0 -1174.313129 10.685275
17 18 10 1 -1060.801857 2.243055
17 18 10 2 -947.524702 -6.181754
17 18 10 3 -834.456342 -14.591034
17 18 10 4 -721.571553 -22.986660
17 18 10 5 -608.845329 -31.370494
17 18 10 6 -496.252788 -39.744386
17 18 10 7 -383.769158 -48.110177
17 18 10 8 -271.369760 -56.469704
17 18 10 9 -159.030009 -64.824794
17 18 10 10 -46.725349 -73.177275
17 18 10 11 65.568728 -81.528969
17 18 11 0 -1288.116262 2.274282
17 18 11 1 -1174.339016 -6.168018
17 18 11 2 -1060.821579 -14.591040
17 18 11 3 -947.538421 -22.996678
17 18 11 4 -834.464123 -31.386819
17 18 11 5 -721.573514 -39.763330
17 18 11 6 -608.841569 -48.128068
17 18 11 7 -496.243392 -56.482881
17 18 11 8 -383.754200 -64.829607
17 18 11 9 -271.349335 -73.170075
17 18 11 10 -159.004179 -81.506114
17 18 11 11 -46.694191 -89.839542
