l s x y 
1  1   89.25516330  506.19118500
 1  1   81.21271750  507.54358880
 1  1   73.14982690  508.76822110
 1  1   65.06852110  509.86477380
 1  1   56.97083470  510.83297070
 1  1   48.85880630  511.67256820
 1  1   40.73447780  512.38335480
 1  1   32.59989470  512.96515170
 1  1   24.45710470  513.41781230
 1  1   16.30815780  513.74122280
 1  1    8.15510540  513.93530160
 1  1    0.00000000  514.00000000
 1  1   -8.15510540  513.93530160
 1  1  -16.30815780  513.74122280
 1  1  -24.45710470  513.41781230
 1  1  -32.59989470  512.96515170
 1  1  -40.73447780  512.38335480
 1  1  -48.85880630  511.67256820
 1 -1  -49.95466710  511.56674170
 1 -1  -41.83187980  512.29492860
 1 -1  -33.69856150  512.89414790
 1 -1  -25.55675980  513.36424890
 1 -1  -17.40852430  513.70511320
 1 -1   -9.25590630  513.91665490
 1 -1   -1.10095820  513.99882090
 1 -1    7.05426710  513.95159040
 1 -1   15.20771650  513.77497540
 1 -1   23.35733750  513.46902030
 1 -1   31.50107840  513.03380210
 1 -1   39.63688900  512.46943030
 1 -1   47.76272120  511.77604720
 1 -1   55.87652950  510.95382710
 1 -1   63.97627110  510.00297720
 1 -1   72.05990710  508.92373670
 1 -1   80.12540230  507.71637740
 1 -1   88.17072640  506.38120320
 2  1   49.61925460  519.63634360
 2  1   41.36847750  520.35819300
 2  1   33.10728610  520.94904510
 2  1   24.83776010  521.40875110
 2  1   16.56198130  521.73719510
 2  1    8.28203310  521.93429460
 2  1    0.00000000  522.00000000
 2  1   -8.28203310  521.93429460
 2  1  -16.56198130  521.73719510
 2  1  -24.83776010  521.40875110
 2  1  -33.10728610  520.94904510
 2  1  -41.36847750  520.35819300
 2  1  -49.61925460  519.63634360
 2  1  -57.85754030  518.78367840
 2  1  -66.08126080  517.80041230
 2  1  -74.28834560  516.68679270
 2  1  -82.47672870  515.44309990
 2  1  -90.64434870  514.06964710
 2 -1  -89.46726590  514.27580960
 2 -1  -81.29652310  515.63056090
 2 -1  -73.10531430  516.85550500
 2 -1  -64.89570160  517.95033340
 2 -1  -56.66975180  518.91477070
 2 -1  -48.42953560  519.74857390
 2 -1  -40.17712760  520.45153320
 2 -1  -31.91460520  521.02347160
 2 -1  -23.64404850  521.46424520
 2 -1  -15.36753950  521.77374290
 2 -1   -7.08716180  521.95188680
 2 -1    1.19500000  521.99863220
 2 -1    9.47686100  521.91396710
 2 -1   17.75633630  521.69791310
 2 -1   26.03134150  521.35052440
 2 -1   34.29979340  520.87188840
 2 -1   42.55961060  520.26212580
 2 -1   50.80871360  519.52139000
 3  1   50.37970300  527.60011900
 3  1   42.00247710  528.33303130
 3  1   33.61467740  528.93293850
 3  1   25.21841540  529.39968980
 3  1   16.81580480  529.73316750
 3  1    8.40896080  529.93328770
 3  1    0.00000000  530.00000000
 3  1   -8.40896080  529.93328770
 3  1  -16.81580480  529.73316750
 3  1  -25.21841540  529.39968980
 3  1  -33.61467740  528.93293850
 3  1  -42.00247710  528.33303130
 3  1  -50.37970300  527.60011900
 3  1  -58.74424590  526.73438620
 3  1  -67.09400040  525.73605080
 3  1  -75.42686430  524.60536420
 3  1  -83.74073990  523.34261100
 3  1  -92.03353420  521.94810910
 3 -1  -90.76177430  522.17075780
 3 -1  -82.46560750  523.54505400
 3 -1  -74.14868050  524.78755050
 3 -1  -65.81308690  525.89793460
 3 -1  -57.46092530  526.87592660
 3 -1  -49.09429810  527.72128050
 3 -1  -40.71531180  528.43378340
 3 -1  -32.32607550  529.01325580
 3 -1  -23.92870140  529.45955200
 3 -1  -15.52530330  529.77255960
 3 -1   -7.11799690  529.95219980
 3 -1    1.29110150  529.99842740
 3 -1    9.69987490  529.91123070
 3 -1   18.10620640  529.69063170
 3 -1   26.50797970  529.33668590
 3 -1   34.90307980  528.84948240
 3 -1   43.28939320  528.22914390
 3 -1   51.66480880  527.47582650
 4  1   93.42271960  529.82657110
 4  1   85.25265420  531.20239550
 4  1   77.06237070  532.45224290
 4  1   68.85381170  533.57581710
 4  1   60.62892360  534.57285160
 4  1   52.38965710  535.44310980
 4  1   44.13796620  536.18638540
 4  1   35.87580780  536.80250220
 4  1   27.60514130  537.29131410
 4  1   19.32792810  537.65270500
 4  1   11.04613130  537.88658930
 4  1    2.76171470  537.99291160
 4  1   -5.52335670  537.97164660
 4  1  -13.80711830  537.82279930
 4  1  -22.08760550  537.54640510
 4  1  -30.36285450  537.14252960
 4  1  -38.63090280  536.61126840
 4  1  -46.88978960  535.95274760
 4 -1  -53.72854770  535.31041760
 4 -1  -45.47874140  536.07432700
 4 -1  -37.21814970  536.71110420
 4 -1  -28.94873150  537.22059800
 4 -1  -20.67244790  537.60268780
 4 -1  -12.39126190  537.85728280
 4 -1   -4.10713720  537.98432270
 4 -1    4.17796160  537.98377730
 4 -1   12.46206950  537.85564680
 4 -1   20.74322200  537.59996160
 4 -1   29.01945510  537.21678230
 4 -1   37.28880620  536.70619980
 4 -1   45.54931400  536.06833520
 4 -1   53.79901970  535.30333970
 4 -1   62.03596670  534.41139480
 4 -1   70.25820160  533.39271190
 4 -1   78.46377440  532.24753270
 4 -1   86.65073930  530.97612880
 5  1   94.81190500  537.70503310
 5  1   86.52035160  539.10131590
 5  1   78.20827960  540.36974840
 5  1   69.87766020  541.51003000
 5  1   61.53046890  542.52189020
 5  1   53.16868550  543.40508910
 5  1   44.79429290  544.15941720
 5  1   36.40927710  544.78469560
 5  1   28.01562670  545.28077600
 5  1   19.61533230  545.64754080
 5  1   11.21038600  545.88490290
 5  1    2.80278110  545.99280620
 5  1   -5.60548840  545.97122500
 5  1  -14.01242860  545.82016440
 5  1  -22.41604570  545.53966020
 5  1  -30.81434670  545.12977910
 5  1  -39.20534000  544.59061810
 5  1  -47.58703550  543.92230520
 5 -1  -54.60429120  543.26270940
 5 -1  -46.23192090  544.03916170
 5 -1  -37.84858650  544.68659290
 5 -1  -29.45627620  545.20484940
 5 -1  -21.05698010  545.59380820
 5 -1  -12.65269040  545.85337720
 5 -1   -4.24540000  545.98349480
 5 -1    4.16289730  545.98413010
 5 -1   12.57020730  545.85528290
 5 -1   20.97453620  545.59698390
 5 -1   29.37389090  545.20929420
 5 -1   37.76627940  544.69230590
 5 -1   46.14971150  544.04614150
 5 -1   54.52219910  543.27095430
 5 -1   62.88175640  542.36692810
 5 -1   71.22640110  541.33427730
 5 -1   79.55415420  540.17324680
 5 -1   87.86304060  538.88411190
 6  1   55.16058700  551.24704960
 6  1   46.90808570  552.01053570
 6  1   38.64508650  552.65048380
 6  1   30.37343860  553.16675080
 6  1   22.09499330  553.55922110
 6  1   13.81160320  553.82780680
 6  1    5.52512220  553.97244790
 6  1   -2.76259540  553.99311190
 6  1  -11.04969470  553.88979430
 6  1  -19.33432120  553.66251820
 6  1  -27.61462070  553.31133440
 6  1  -35.88874010  552.83632150
 6  1  -44.15482770  552.23758580
 6  1  -52.41103370  551.51526140
 6  1  -60.65551030  550.66950980
 6  1  -68.88641240  549.70052050
 6  1  -77.10189790  548.60851010
 6  1  -85.30012840  547.39372310
 6  1  -93.47926890  546.05643140
 6 -1  -94.72838150  545.84112500
 6 -1  -86.55232210  547.19712680
 6 -1  -78.35689250  548.43066780
 6 -1  -70.14392690  549.54147210
 6 -1  -61.91526340  550.52929090
 6 -1  -53.67274340  551.39390330
 6 -1  -45.41821170  552.13511580
 6 -1  -37.15351560  552.75276230
 6 -1  -28.88050460  553.24670490
 6 -1  -20.60103030  553.61683280
 6 -1  -12.31694550  553.86306330
 6 -1   -4.03010430  553.98534120
 6 -1    4.25763880  553.98363920
 6 -1   12.54442920  553.85795770
 6 -1   20.82841210  553.60832480
 6 -1   29.10773370  553.23479630
 6 -1   37.38054110  552.73745590
 6 -1   45.64498280  552.11641480
 6 -1   53.89920940  551.37181210
 7  1   55.95712980  559.20729580
 7  1   47.58545870  559.98180700
 7  1   39.20313820  560.63099620
 7  1   30.81204420  561.15471840
 7  1   22.41405460  561.55285610
 7  1   14.01104880  561.82532030
 7  1    5.60490730  561.97205000
 7  1   -2.80248850  561.99301250
 7  1  -11.20925710  561.88820290
 7  1  -19.61351710  561.65764480
 7  1  -28.01338770  561.30138970
 7  1  -36.40698900  560.81951740
 7  1  -44.79244260  560.21213580
 7  1  -53.16787170  559.47938070
 7  1  -61.53140210  558.62141610
 7  1  -69.88116200  557.63843410
 7  1  -78.21528270  556.53065460
 7  1  -86.53189920  555.29832560
 7  1  -94.82915010  553.94172280
 7 -1  -96.02082340  553.73640070
 7 -1  -87.72651070  555.11085320
 7 -1  -79.41256510  556.36107390
 7 -1  -71.08084720  557.48678300
 7 -1  -62.73322170  558.48772850
 7 -1  -54.37155670  559.36368650
 7 -1  -45.99772360  560.11446100
 7 -1  -37.61359630  560.73988390
 7 -1  -29.22105130  561.23981520
 7 -1  -20.82196660  561.61414310
 7 -1  -12.41822210  561.86278370
 7 -1   -4.01169850  561.98568160
 7 -1    4.39572290  561.98280900
 7 -1   12.80216060  561.85416670
 7 -1   21.20573330  561.59978350
 7 -1   29.60456010  561.21971630
 7 -1   37.99676160  560.71405020
 7 -1   46.38045950  560.08289830
 7 -1   54.75377770  559.32640190
 8  1   98.97946130  561.34041920
 8  1   90.80491480  562.72059450
 8  1   82.61115980  563.98173400
 8  1   74.39992960  565.12357100
 8  1   66.17296110  566.14586390
 8  1   57.93199460  567.04839650
 8  1   49.67877340  567.83097790
 8  1   41.41504330  568.49344250
 8  1   33.14255250  569.03565020
 8  1   24.86305080  569.45748630
 8  1   16.57828970  569.75886150
 8  1    8.29002170  569.93971220
 8  1    0.00000000  570.00000000
 8  1   -8.29002170  569.93971220
 8  1  -16.57828970  569.75886150
 8  1  -24.86305080  569.45748630
 8  1  -33.14255250  569.03565020
 8  1  -41.41504330  568.49344250
 8  1  -49.67877340  567.83097790
 8  1  -57.93199460  567.04839650
 8 -1  -59.56708870  566.87896590
 8 -1  -51.31615870  567.68534580
 8 -1  -43.05437350  568.37163980
 8 -1  -34.78348080  568.93770260
 8 -1  -26.50523010  569.38341460
 8 -1  -18.22137260  569.70868130
 8 -1   -9.93366060  569.91343410
 8 -1   -1.64384730  569.99762960
 8 -1    6.64631380  569.96125000
 8 -1   14.93506890  569.80430300
 8 -1   23.22066470  569.52682180
 8 -1   31.50134850  569.12886510
 8 -1   39.77536860  568.61051700
 8 -1   48.04097480  567.97188730
 8 -1   56.29641860  567.21311100
 8 -1   64.53995370  566.33434860
 8 -1   72.76983620  565.33578600
 8 -1   80.98432530  564.21763450
 8 -1   89.18168330  562.98013050
 8 -1   97.36017610  561.62353590
 9  1  100.36864670  569.21888120
 9  1   92.07936970  570.61842740
 9  1   83.77061470  571.89726710
 9  1   75.44413910  573.05512990
 9  1   67.10170440  574.09177080
 9  1   58.74507520  575.00697050
 9  1   50.37601930  575.80053550
 9  1   41.99630710  576.47229790
 9  1   33.60771110  577.02211550
 9  1   25.21200590  577.44987210
 9  1   16.81096740  577.75547710
 9  1    8.40637280  577.93886610
 9  1    0.00000000  578.00000000
 9  1   -8.40637280  577.93886610
 9  1  -16.81096740  577.75547710
 9  1  -25.21200590  577.44987210
 9  1  -33.60771110  577.02211550
 9  1  -41.99630710  576.47229790
 9  1  -50.37601930  575.80053550
 9  1  -58.74507520  575.00697050
 9 -1  -60.47872420  574.82721220
 9 -1  -52.11209930  575.64601020
 9 -1  -43.73445090  576.34303830
 9 -1  -35.34755100  576.91814900
 9 -1  -26.95317390  577.37122060
 9 -1  -18.55309510  577.70215740
 9 -1  -10.14909180  577.91088930
 9 -1   -1.74294150  577.99737210
 9 -1    6.66357750  577.96158760
 9 -1   15.06868690  577.80354330
 9 -1   23.47060870  577.52327270
 9 -1   31.86756560  577.12083510
 9 -1   40.25778140  576.59631550
 9 -1   48.63948120  575.94982500
 9 -1   57.01089200  575.18150020
 9 -1   65.37024300  574.29150380
 9 -1   73.71576570  573.28002400
 9 -1   82.04569490  572.14727470
 9 -1   90.35826850  570.89349560
 9 -1   98.65172810  569.51895190
10  1   60.70383600  582.84735930
10  1   52.44997460  583.64801050
10  1   44.18560980  584.33178240
10  1   35.91239660  584.89853800
10  1   27.63199160  585.34816390
10  1   19.34605320  585.68057010
10  1   11.05624060  585.89569000
10  1    2.76421390  585.99348040
10  1   -5.52836630  585.97392190
10  1  -13.81983950  585.83701830
10  1  -22.10854510  585.58279710
10  1  -30.39282340  585.21130910
10  1  -38.67101530  584.72262880
10  1  -46.94146300  584.11685390
10  1  -55.20251050  583.39410590
10  1  -63.45250330  582.55452950
10  1  -71.68978930  581.59829270
10  1  -79.91271900  580.52558720
10  1  -88.11964560  579.33662760
10  1  -96.30892570  578.03165210
10 -1  -99.99282100  577.40578080
10 -1  -91.81202870  578.76294920
10 -1  -83.61285040  580.00421660
10 -1  -75.39692810  581.12933430
10 -1  -67.16590700  582.13807720
10 -1  -58.92143560  583.03024320
10 -1  -50.66516470  583.80565350
10 -1  -42.39874780  584.46415300
10 -1  -34.12384030  585.00560980
10 -1  -25.84209930  585.42991540
10 -1  -17.55518330  585.73698500
10 -1   -9.26475160  585.92675680
10 -1   -0.97246470  585.99919310
10 -1    7.32001700  585.95427920
10 -1   15.61103280  585.79202420
10 -1   23.89892230  585.51246060
10 -1   32.18202600  585.11564430
10 -1   40.45868500  584.60165480
10 -1   48.72724190  583.97059510
10 -1   56.98604090  583.22259140
11  1   61.53255730  590.80431990
11  1   53.16601530  591.61590140
11  1   44.78882640  592.30900810
11  1   36.40266820  592.88350100
11  1   28.00922020  593.33926520
11  1   19.61016310  593.67620930
11  1   11.20717900  593.89426600
11  1    2.80195060  593.99339140
11  1   -5.60383890  593.97356590
11  1  -14.00850620  593.83479330
11  1  -22.41036830  593.57710150
11  1  -30.80774250  593.20054200
11  1  -39.19894720  592.70519020
11  1  -47.58230210  592.09114550
11  1  -55.95612840  591.35853060
11  1  -64.31874910  590.50749230
11  1  -72.66848950  589.53820120
11  1  -81.00367760  588.45085120
11  1  -89.32264420  587.24566000
11  1  -97.62372330  585.92286920
11 -1 -101.28356800  585.30132310
11 -1  -92.99091780  586.67596610
11 -1  -84.67964550  587.93312340
11 -1  -76.35141570  589.07254330
11 -1  -68.00789590  590.09399770
11 -1  -59.65075720  590.99728190
11 -1  -51.28167300  591.78221500
11 -1  -42.90231930  592.44864000
11 -1  -34.51437410  592.99642320
11 -1  -26.11951720  593.42545520
11 -1  -17.71942970  593.73564980
11 -1   -9.31579380  593.92694500
11 -1   -0.91029230  593.99930250
11 -1    7.49539150  593.95270780
11 -1   15.89957420  593.78717020
11 -1   24.30057300  593.50272300
11 -1   32.69670540  593.09942290
11 -1   41.08629010  592.57735090
11 -1   49.46764700  591.93661140
11 -1   57.83909770  591.17733280
12  1  104.53620300  592.85426730
12  1   96.35764940  594.23833890
12  1   88.16080180  595.50959100
12  1   79.94721650  596.66778240
12  1   71.71845260  597.71269310
12  1   63.47607270  598.64412480
12  1   55.22164150  599.46190060
12  1   46.95672610  600.16586530
12  1   38.68289580  600.75588520
12  1   30.40172120  601.23184820
12  1   22.11477480  601.59366410
12  1   13.82362970  601.84126420
12  1    5.52986020  601.97460130
12  1   -2.76495930  601.99365030
12  1  -11.05925370  601.89840750
12  1  -19.35144860  601.68889090
12  1  -27.63996940  601.36514040
12  1  -35.92324260  600.92721740
12  1  -44.19969570  600.37520510
12  1  -52.46775710  599.70920830
12  1  -60.72585730  598.92935330
12 -1  -65.40372000  598.43659100
12 -1  -57.15196530  599.28094650
12 -1  -48.88936000  600.01152530
12 -1  -40.61747270  600.62818860
12 -1  -32.33787400  601.13081930
12 -1  -24.05213580  601.51932200
12 -1  -15.76183120  601.79362300
12 -1   -7.46853400  601.95367010
12 -1    0.82618100  601.99943310
12 -1    9.12073920  601.93090310
12 -1   17.41356580  601.74809320
12 -1   25.70308630  601.45103820
12 -1   33.98772700  601.03979440
12 -1   42.26591490  600.51443980
12 -1   50.53607830  599.87507430
12 -1   58.79664730  599.12181920
12 -1   67.04605330  598.25481760
12 -1   75.28273030  597.27423390
12 -1   83.50511450  596.18025450
12 -1   91.71164470  594.97308700
12 -1   99.90076300  593.65296050
13  1  105.92538840  600.73272930
13  1   97.63814970  602.13519390
13  1   89.33237400  603.42333980
13  1   81.00963790  604.59692240
13  1   72.67152180  605.65571900
13  1   64.31960850  606.59952850
13  1   55.95548390  607.42817170
13  1   47.58073580  608.14149140
13  1   39.19695420  608.73935210
13  1   30.80573080  609.22164020
13  1   22.40865880  609.58826430
13  1   14.00733240  609.83915470
13  1    5.60334670  609.97426380
13  1   -2.80170290  609.99356590
13  1  -11.20622060  609.89705740
13  1  -19.60861070  609.68475660
13  1  -28.00727800  609.35670370
13  1  -36.40062790  608.91296120
13  1  -44.78706700  608.35361310
13  1  -53.16500310  607.67876580
13  1  -61.53284540  606.88854740
13 -1  -66.34730930  606.38109680
13 -1  -57.98600180  607.23769940
13 -1  -49.61368540  607.97901460
13 -1  -41.23194950  608.60490170
13 -1  -32.84238550  609.11524170
13 -1  -24.44658620  609.50993790
13 -1  -16.04614550  609.78891530
13 -1   -7.64265850  609.95212090
13 -1    0.76227960  609.99952370
13 -1    9.16707300  609.93111480
13 -1   17.57012590  609.74690710
13 -1   25.96984300  609.44693560
13 -1   34.36462970  609.03125720
13 -1   42.75289200  608.49995090
13 -1   51.13303740  607.85311750
13 -1   59.50347500  607.09087990
13 -1   67.86261550  606.21338270
13 -1   76.20887190  605.22079260
13 -1   84.54065960  604.11329800
13 -1   92.85639690  602.89110920
13 -1  101.15450480  601.55445820
14  1   66.24867040  614.43886080
14  1   57.99373150  615.27288830
14  1   49.72833950  615.99601640
14  1   41.45398420  616.60811480
14  1   33.17215720  617.10907300
14  1   24.88435100  617.49880090
14  1   16.59205960  617.77722810
14  1    8.29677750  617.94430450
14  1    0.00000000  618.00000000
14  1   -8.29677750  617.94430450
14  1  -16.59205960  617.77722810
14  1  -24.88435100  617.49880090
14  1  -33.17215720  617.10907300
14  1  -41.45398420  616.60811480
14  1  -49.72833950  615.99601640
14  1  -57.99373150  615.27288830
14  1  -66.24867040  614.43886080
14  1  -74.49166840  613.49408420
14  1  -82.72123970  612.43872880
14  1  -90.93590100  611.27298480
14  1  -99.13417160  609.99706230
14  1 -107.31457380  608.61119140
14 -1 -105.26071740  608.96977050
14 -1  -97.07568630  610.32803570
14 -1  -88.87315780  611.57629270
14 -1  -80.65461050  612.71431660
14 -1  -72.42152560  613.74190230
14 -1  -64.17538710  614.65886450
14 -1  -55.91768150  615.46503790
14 -1  -47.64989690  616.16027730
14 -1  -39.37352380  616.74445730
14 -1  -31.09005380  617.21747270
14 -1  -22.80097990  617.57923810
14 -1  -14.50779640  617.82968840
14 -1   -6.21199790  617.96877840
14 -1    2.08492030  617.99648310
14 -1   10.38146270  617.91279740
14 -1   18.67613390  617.71773650
14 -1   26.96743880  617.41133550
14 -1   35.25388300  616.99364970
14 -1   43.53397290  616.46475420
14 -1   51.80621600  615.82474450
14 -1   60.06912140  615.07373600
14 -1   68.32119960  614.21186380
15  1   67.10625840  622.39276190
15  1   58.74445940  623.23758590
15  1   50.37207200  623.97007490
15  1   41.99060540  624.59009680
15  1   33.60157020  625.09754000
15  1   25.20647850  625.49231290
15  1   16.80684350  625.77434430
15  1    8.40417920  625.94358350
15  1    0.00000000  626.00000000
15  1   -8.40417920  625.94358350
15  1  -16.80684350  625.77434430
15  1  -25.20647850  625.49231290
15  1  -33.60157020  625.09754000
15  1  -41.99060540  624.59009680
15  1  -50.37207200  623.97007490
15  1  -58.74445940  623.23758590
15  1  -67.10625840  622.39276190
15  1  -75.45596180  621.43575520
15  1  -83.79206480  620.36673820
15  1  -92.11306470  619.18590370
15  1 -100.41746180  617.89346440
15  1 -108.70375920  616.48965340
15 -1 -106.55008160  616.86552840
15 -1  -98.25893210  618.24039200
15 -1  -89.95007200  619.50382130
15 -1  -81.62499890  620.65558850
15 -1  -73.28521330  621.69548620
15 -1  -64.93221850  622.62332670
15 -1  -56.56752010  623.43894300
15 -1  -48.19262570  624.14218800
15 -1  -39.80904480  624.73293490
15 -1  -31.41828860  625.21107730
15 -1  -23.02186940  625.57652890
15 -1  -14.62130060  625.82922400
15 -1   -6.21809650  625.96911690
15 -1    2.18622840  625.99618240
15 -1   10.59015930  625.91041570
15 -1   18.99218140  625.71183230
15 -1   27.39078020  625.40046780
15 -1   35.78444200  624.97637850
15 -1   44.17165380  624.43964080
15 -1   52.55090400  623.79035140
15 -1   60.92068220  623.02862730
15 -1   69.27947970  622.15460590
16  1  110.09294460  624.36811540
16  1  101.91078660  625.75569640
16  1   93.71116670  627.03605740
16  1   85.49548980  628.20897890
16  1   77.26516370  629.27426010
16  1   69.02159870  630.23171840
16  1   60.76620710  631.08118980
16  1   52.50040360  631.82252860
16  1   44.22560440  632.45560790
16  1   35.94322730  632.98031910
16  1   27.65469160  633.39657250
16  1   19.36141740  633.70429660
16  1   11.06482570  633.90343870
16  1    2.76633810  633.99396480
16  1   -5.53262350  633.97585920
16  1  -13.83063710  633.84912520
16  1  -22.12628090  633.61378430
16  1  -30.41813350  633.26987700
16  1  -38.70477410  632.81746220
16  1  -46.98478280  632.25661740
16  1  -55.25674090  631.58743860
16  1  -63.51923110  630.81004060
16 -1  -71.23807170  629.98502930
16 -1  -62.98571930  630.86353450
16 -1  -54.72257470  631.63394450
16 -1  -46.45005360  632.29612720
16 -1  -38.16957350  632.84996930
16 -1  -29.88255330  633.29537580
16 -1  -21.59041280  633.63227040
16 -1  -13.29457290  633.86059530
16 -1   -4.99645510  633.98031160
16 -1    3.30251880  633.99139850
16 -1   11.60092690  633.89385430
16 -1   19.89734720  633.68769560
16 -1   28.19035820  633.37295780
16 -1   36.47853890  632.94969480
16 -1   44.76046920  632.41797920
16 -1   53.03473010  631.77790200
16 -1   61.29990370  631.02957280
16 -1   69.55457390  630.17312010
16 -1   77.79732630  629.20869040
16 -1   86.02674850  628.13644900
16 -1   94.24143040  626.95657970
16 -1  102.43996460  625.66928460
17  1  111.48213010  632.24657740
17  1  103.19672710  633.65166730
17  1   94.89364190  634.94818430
17  1   86.57429720  636.13590610
17  1   78.24011850  637.21462940
17  1   69.89253370  638.18416910
17  1   61.53297310  639.04435940
17  1   53.16286920  639.79505260
17  1   44.78365610  640.43612030
17  1   36.39676960  640.96745250
17  1   28.00364670  641.38895830
17  1   19.60572550  641.70056530
17  1   11.20444490  641.90222030
17  1    2.80124460  641.99388860
17  1   -5.60243580  641.97555460
17  1  -14.00515620  641.84722140
17  1  -22.40547690  641.60891090
17  1  -30.80195850  641.26066410
17  1  -39.19316240  640.80254060
17  1  -47.57765070  640.23461880
17  1  -55.95398680  639.55699620
17  1  -64.32073560  638.76978870
17 -1  -72.21027160  637.92607460
17 -1  -63.85389090  638.81662520
17 -1  -55.48656910  639.59771780
17 -1  -47.10974000  640.26921870
17 -1  -38.72483880  640.83101270
17 -1  -30.33330240  641.28300360
17 -1  -21.93656850  641.62511400
17 -1  -13.53607590  641.85728530
17 -1   -5.13326400  641.97947760
17 -1    3.27042750  641.99167000
17 -1   11.67355870  641.89386040
17 -1   20.07468960  641.68606560
17 -1   28.47238080  641.36832130
17 -1   36.86519350  640.94068170
17 -1   45.25168950  640.40322030
17 -1   53.63043180  639.75602910
17 -1   61.99998480  638.99921900
17 -1   70.35891450  638.13291970
17 -1   78.70578850  637.15727950
17 -1   87.03917670  636.07246580
17 -1   95.35765120  634.87866430
17 -1  103.65978660  633.57607960
