bid/I ch/I l/I w/I  xhv yhv xc yc xro yro
11 6 0 137 -89.255163 -506.191185 -136.347341 -493.171593 -183.439518 -480.152000
11 8 0 138 -73.149827 -508.768221 -120.631380 -497.249321 -168.112933 -485.730421
11 10 0 139 -56.970835 -510.832971 -104.793954 -500.826361 -152.617073 -490.819752
11 14 0 140 -40.734478 -512.383355 -88.851009 -503.899112 -136.967540 -495.414869
11 16 0 141 -24.457105 -513.417812 -72.818599 -506.464479 -121.180093 -499.511146
11 18 0 142 -8.155105 -513.935302 -56.712866 -508.519879 -105.270627 -503.104457
11 30 0 143 8.155105 -513.935302 -40.550029 -510.063243 -89.255163 -506.191185
11 32 0 144 24.457105 -513.417812 -24.346361 -511.093017 -73.149827 -508.768221
11 34 0 145 40.734478 -512.383355 -8.118178 -511.608163 -56.970835 -510.832971
11 36 0 146 56.970835 -510.832971 8.118178 -511.608163 -40.734478 -512.383355
11 40 0 147 73.149827 -508.768221 24.346361 -511.093017 -24.457105 -513.417812
11 42 0 148 89.255163 -506.191185 40.550029 -510.063243 -8.155105 -513.935302
12 4 0 149 105.270627 -503.104457 56.712866 -508.519879 8.155105 -513.935302
12 6 0 150 121.180093 -499.511146 72.818599 -506.464479 24.457105 -513.417812
12 10 0 151 136.967540 -495.414869 88.851009 -503.899112 40.734478 -512.383355
12 16 0 152 152.617073 -490.819752 104.793954 -500.826361 56.970835 -510.832971
12 20 0 153 168.112933 -485.730421 120.631380 -497.249321 73.149827 -508.768221
12 22 0 154 183.439518 -480.152000 136.347341 -493.171593 89.255163 -506.191185
12 26 0 155 198.581395 -474.090107 151.926011 -488.597282 105.270627 -503.104457
12 28 0 156 213.523317 -467.550846 167.351705 -483.530996 121.180093 -499.511146
12 30 0 157 228.250239 -460.540800 182.608890 -477.977835 136.967540 -495.414869
12 32 0 158 242.747332 -453.067029 197.682203 -471.943390 152.617073 -490.819752
12 38 0 159 257.000000 -445.137058 212.556467 -465.433739 168.112933 -485.730421
12 40 0 160 270.993890 -436.758871 227.216704 -458.455436 183.439518 -480.152000
13 6 0 161 284.714913 -427.940905 241.648154 -451.015506 198.581395 -474.090107
13 8 0 162 298.149252 -418.692039 255.836284 -443.121442 213.523317 -467.550846
13 10 0 163 311.283379 -409.021586 269.766809 -434.781193 228.250239 -460.540800
13 12 0 164 324.104071 -398.939283 283.425702 -426.003156 242.747332 -453.067029
13 18 0 165 336.598417 -388.455281 296.799209 -416.796169 257.000000 -445.137058
13 20 0 166 348.753838 -377.580138 309.873864 -407.169505 270.993890 -436.758871
13 22 0 167 360.558092 -366.324804 322.636503 -397.132855 284.714913 -427.940905
13 26 0 168 371.999296 -354.700612 335.074274 -386.696326 298.149252 -418.692039
13 30 0 169 383.065927 -342.719266 347.174653 -375.870426 311.283379 -409.021586
13 32 0 170 393.746844 -330.392831 358.925457 -364.666057 324.104071 -398.939283
13 34 0 171 404.031291 -317.733719 370.314854 -353.094500 336.598417 -388.455281
13 36 0 172 413.908912 -304.754676 381.331375 -341.167407 348.753838 -377.580138
13 38 0 173 423.369763 -291.468770 391.963928 -328.896787 360.558092 -366.324804
14 6 0 174 432.404316 -277.889380 402.201806 -316.294996 371.999296 -354.700612
14 8 0 175 441.003474 -264.030179 412.034701 -303.374723 383.065927 -342.719266
14 12 0 176 449.158580 -249.905122 421.452712 -290.148977 393.746844 -330.392831
14 14 0 177 456.861421 -235.528432 430.446356 -276.631076 404.031291 -317.733719
14 16 0 178 464.104241 -220.914585 439.006577 -262.834630 413.908912 -304.754676
14 18 0 179 470.879747 -206.078295 447.124755 -248.773533 423.369763 -291.468770
14 28 0 180 477.181118 -191.034502 454.792717 -234.461941 432.404316 -277.889380
14 30 0 181 483.002007 -175.798354 462.002741 -219.914266 441.003474 -264.030179
14 34 0 182 488.336555 -160.385191 468.747567 -205.145157 449.158580 -249.905122
14 36 0 183 493.179388 -144.810534 475.020405 -190.169483 456.861421 -235.528432
14 38 0 184 497.525633 -129.090065 480.814937 -175.002325 464.104241 -220.914585
14 40 0 185 501.370910 -113.239614 486.125329 -159.658955 470.879747 -206.078295
14 42 0 186 504.711350 -97.275140 490.946234 -144.154821 477.181118 -191.034502
15 4 0 187 507.543589 -81.212718 495.272798 -128.505536 483.002007 -175.798354
15 8 0 188 509.864774 -65.068521 499.100664 -112.726856 488.336555 -160.385191
15 14 0 189 511.672568 -48.858806 502.425978 -96.834670 493.179388 -144.810534
15 18 0 190 512.965152 -32.599895 505.245392 -80.844980 497.525633 -129.090065
15 20 0 191 513.741223 -16.308158 507.556067 -64.773886 501.370910 -113.239614
15 22 0 192 514.000000 -0.000000 509.355675 -48.637570 504.711350 -97.275140
15 26 0 193 513.741223 16.308158 510.642406 -32.452280 507.543589 -81.212718
15 28 0 194 512.965152 32.599895 511.414963 -16.234313 509.864774 -65.068521
15 30 0 195 511.672568 48.858806 511.672568 -0.000000 511.672568 -48.858806
15 36 0 196 509.864774 65.068521 511.414963 16.234313 512.965152 -32.599895
11 0 1 136 -286.539633 -445.864372 -241.760367 -468.949688 -196.981101 -492.035004
11 2 1 137 -272.249018 -454.731209 -226.759847 -476.384149 -181.270676 -498.037089
11 4 1 138 -257.684270 -463.140170 -211.530998 -483.338931 -165.377726 -503.537692
11 12 1 139 -242.860057 -471.082788 -196.089156 -489.807032 -149.318255 -508.531276
11 20 1 140 -227.791303 -478.551065 -180.449868 -495.781939 -133.108433 -513.012812
11 22 1 141 -212.493184 -485.537482 -164.628883 -501.257635 -116.764582 -516.977787
11 24 1 142 -196.981101 -492.035004 -148.642131 -506.228607 -100.303160 -520.422210
11 26 1 143 -181.270676 -498.037089 -132.505708 -510.689850 -83.740740 -523.342611
11 28 1 144 -165.377726 -503.537692 -116.235863 -514.636872 -67.094000 -525.736051
11 38 1 145 -149.318255 -508.531276 -99.848979 -518.065697 -50.379703 -527.600119
11 44 1 146 -133.108433 -513.012812 -83.361555 -520.972875 -33.614677 -528.932939
11 46 1 147 -116.764582 -516.977787 -66.790194 -523.355477 -16.815805 -529.733167
12 1 1 148 -100.303160 -520.422210 -50.151580 -525.211105 -0.000000 -530.000000
12 0 1 149 -83.740740 -523.342611 -33.462468 -526.537889 16.815805 -529.733167
12 2 1 150 -67.094000 -525.736051 -16.739661 -527.334495 33.614677 -528.932939
12 8 1 151 -50.379703 -527.600119 0.000000 -527.600119 50.379703 -527.600119
12 18 1 152 -33.614677 -528.932939 16.739661 -527.334495 67.094000 -525.736051
12 21 1 153 -16.815805 -529.733167 33.462468 -526.537889 83.740740 -523.342611
12 23 1 154 -0.000000 -530.000000 50.151580 -525.211105 100.303160 -520.422210
12 25 1 155 16.815805 -529.733167 66.790194 -523.355477 116.764582 -516.977787
12 24 1 156 33.614677 -528.932939 83.361555 -520.972875 133.108433 -513.012812
12 36 1 157 50.379703 -527.600119 99.848979 -518.065697 149.318255 -508.531276
12 42 1 158 67.094000 -525.736051 116.235863 -514.636872 165.377726 -503.537692
12 44 1 159 83.740740 -523.342611 132.505708 -510.689850 181.270676 -498.037089
12 46 1 160 100.303160 -520.422210 148.642131 -506.228607 196.981101 -492.035004
13 0 1 161 116.764582 -516.977787 164.628883 -501.257635 212.493184 -485.537482
13 2 1 162 133.108433 -513.012812 180.449868 -495.781939 227.791303 -478.551065
13 4 1 163 149.318255 -508.531276 196.089156 -489.807032 242.860057 -471.082788
13 16 1 164 165.377726 -503.537692 211.530998 -483.338931 257.684270 -463.140170
13 21 1 165 181.270676 -498.037089 226.759847 -476.384149 272.249018 -454.731209
13 23 1 166 196.981101 -492.035004 241.760367 -468.949688 286.539633 -445.864372
13 25 1 167 212.493184 -485.537482 256.517456 -461.043035 300.541728 -436.548588
13 24 1 168 227.791303 -478.551065 271.016253 -452.672151 314.241202 -426.793236
13 28 1 169 242.860057 -471.082788 285.242160 -443.845464 327.624263 -416.608140
13 40 1 170 257.684270 -463.140170 299.180852 -434.571862 340.677433 -406.003555
13 42 1 171 272.249018 -454.731209 312.818294 -424.860684 353.387570 -394.990158
13 44 1 172 286.539633 -445.864372 326.140755 -414.721706 365.741876 -383.579040
14 0 1 173 300.541728 -436.548588 339.134819 -404.165139 377.727911 -371.781690
14 2 1 174 314.241202 -426.793236 351.787404 -393.201612 389.333606 -359.609988
14 4 1 175 327.624263 -416.608140 364.085769 -381.842165 400.547274 -347.076189
14 10 1 176 340.677433 -406.003555 376.017530 -370.098234 411.357626 -334.192914
14 20 1 177 353.387570 -394.990158 387.570673 -357.981646 421.753775 -320.973134
14 22 1 178 365.741876 -383.579040 398.733565 -345.504601 431.725255 -307.430162
14 25 1 179 377.727911 -371.781690 409.494967 -332.679662 441.262023 -293.577634
14 24 1 180 389.333606 -359.609988 419.844042 -319.519743 450.354478 -279.429498
14 26 1 181 400.547274 -347.076189 429.770369 -306.038094 458.993464 -265.000000
14 39 1 182 411.357626 -334.192914 439.263954 -292.248292 467.170283 -250.303670
14 44 1 183 421.753775 -320.973134 448.315238 -278.164219 474.876700 -235.355305
14 46 1 184 431.725255 -307.430162 456.915106 -263.800059 482.104958 -220.169957
14 45 1 185 441.262023 -293.577634 465.054899 -249.170275 488.847776 -204.762917
15 0 1 186 450.354478 -279.429498 472.726422 -234.289598 495.098366 -189.149697
15 2 1 187 458.993464 -265.000000 479.921949 -219.173010 500.850434 -173.346021
15 6 1 188 467.170283 -250.303670 486.634235 -203.835734 506.098188 -157.367799
15 16 1 189 474.876700 -235.355305 492.856522 -188.293213 510.836344 -141.231121
15 21 1 190 482.104958 -220.169957 498.582544 -172.561096 515.060131 -124.952236
15 23 1 191 488.847776 -204.762917 503.806536 -156.655225 518.765296 -108.547534
15 25 1 192 495.098366 -189.149697 508.523238 -140.591616 521.948109 -92.033534
15 24 1 193 500.850434 -173.346021 512.727899 -124.386442 524.605364 -75.426864
15 34 1 194 506.098188 -157.367799 516.416287 -108.056022 526.734386 -58.744246
15 38 1 195 510.836344 -141.231121 519.584688 -91.616799 528.333031 -42.002477
15 40 1 196 515.060131 -124.952236 522.229910 -75.085326 529.399690 -25.218415
11 1 2 141 -100.327237 -536.703312 -148.782593 -522.916575 -197.237950 -509.129837
11 5 2 142 -83.751844 -539.538348 -132.608782 -527.250334 -181.465721 -514.962321
11 11 2 143 -67.097007 -541.861598 -116.309183 -531.083965 -165.521360 -520.306332
11 15 2 144 -50.378524 -543.670860 -99.899258 -534.413831 -149.419993 -525.156801
11 21 2 145 -33.612255 -544.964417 -83.394573 -537.236772 -133.176891 -529.509127
11 23 2 146 -16.814102 -545.741043 -66.810783 -539.550112 -116.807463 -533.359181
11 25 2 147 -0.000000 -546.000000 -50.163618 -541.351656 -100.327237 -536.703312
11 27 2 148 16.814102 -545.741043 -33.468871 -542.639695 -83.751844 -539.538348
11 33 2 149 33.612255 -544.964417 -16.742376 -543.413008 -67.097007 -541.861598
11 39 2 150 50.378524 -543.670860 -0.000000 -543.670860 -50.378524 -543.670860
11 45 2 151 67.097007 -541.861598 16.742376 -543.413008 -33.612255 -544.964417
11 47 2 152 83.751844 -539.538348 33.468871 -542.639695 -16.814102 -545.741043
12 3 2 153 100.327237 -536.703312 50.163618 -541.351656 -0.000000 -546.000000
12 5 2 154 116.807463 -533.359181 66.810783 -539.550112 16.814102 -545.741043
12 9 2 155 133.176891 -529.509127 83.394573 -537.236772 33.612255 -544.964417
12 13 2 156 149.419993 -525.156801 99.899258 -534.413831 50.378524 -543.670860
12 14 2 157 165.521360 -520.306332 116.309183 -531.083965 67.097007 -541.861598
12 17 2 158 181.465721 -514.962321 132.608782 -527.250334 83.751844 -539.538348
12 19 2 159 197.237950 -509.129837 148.782593 -522.916575 100.327237 -536.703312
12 27 2 160 212.823087 -502.814413 164.815275 -518.086797 116.807463 -533.359181
12 29 2 161 228.206348 -496.022038 180.691620 -512.765583 133.176891 -529.509127
12 35 2 162 243.373142 -488.759157 196.396567 -506.957979 149.419993 -525.156801
12 37 2 163 258.309082 -481.032658 211.915221 -500.669495 165.521360 -520.306332
12 43 2 164 273.000000 -472.849870 227.232860 -493.906096 181.465721 -514.962321
12 45 2 165 287.431961 -464.218556 242.334955 -486.674197 197.237950 -509.129837
12 47 2 166 301.591275 -455.146902 257.207181 -478.980658 212.823087 -502.814413
13 1 2 167 315.464512 -445.643514 271.835430 -470.832776 228.206348 -496.022038
13 5 2 168 329.038511 -435.717406 286.205827 -462.238282 243.373142 -488.759157
13 11 2 169 342.300398 -425.377994 300.304740 -453.205326 258.309082 -481.032658
13 15 2 170 355.237592 -414.635084 314.118796 -443.742477 273.000000 -472.849870
13 14 2 171 367.837821 -403.498869 327.634891 -433.858712 287.431961 -464.218556
13 19 2 172 380.089134 -391.979910 340.840205 -423.563406 301.591275 -455.146902
13 27 2 173 391.979910 -380.089134 353.722211 -412.866324 315.464512 -445.643514
13 31 2 174 403.498869 -367.837821 366.268690 -401.777614 329.038511 -435.717406
13 35 2 175 414.635084 -355.237592 378.467741 -390.307793 342.300398 -425.377994
13 41 2 176 425.377994 -342.300398 390.307793 -378.467741 355.237592 -414.635084
13 47 2 177 435.717406 -329.038511 401.777614 -366.268690 367.837821 -403.498869
13 46 2 178 445.643514 -315.464512 412.866324 -353.722211 380.089134 -391.979910
14 1 2 179 455.146902 -301.591275 423.563406 -340.840205 391.979910 -380.089134
14 3 2 180 464.218556 -287.431961 433.858712 -327.634891 403.498869 -367.837821
14 9 2 181 472.849870 -273.000000 443.742477 -314.118796 414.635084 -355.237592
14 13 2 182 481.032658 -258.309082 453.205326 -300.304740 425.377994 -342.300398
14 19 2 183 488.759157 -243.373142 462.238282 -286.205827 435.717406 -329.038511
14 21 2 184 496.022038 -228.206348 470.832776 -271.835430 445.643514 -315.464512
14 23 2 185 502.814413 -212.823087 478.980658 -257.207181 455.146902 -301.591275
14 27 2 186 509.129837 -197.237950 486.674197 -242.334955 464.218556 -287.431961
14 31 2 187 514.962321 -181.465721 493.906096 -227.232860 472.849870 -273.000000
14 35 2 188 520.306332 -165.521360 500.669495 -211.915221 481.032658 -258.309082
14 41 2 189 525.156801 -149.419993 506.957979 -196.396567 488.759157 -243.373142
14 43 2 190 529.509127 -133.176891 512.765583 -180.691620 496.022038 -228.206348
14 47 2 191 533.359181 -116.807463 518.086797 -164.815275 502.814413 -212.823087
15 1 2 192 536.703312 -100.327237 522.916575 -148.782593 509.129837 -197.237950
15 3 2 193 539.538348 -83.751844 527.250334 -132.608782 514.962321 -181.465721
15 9 2 194 541.861598 -67.097007 531.083965 -116.309183 520.306332 -165.521360
15 13 2 195 543.670860 -50.378524 534.413831 -99.899258 525.156801 -149.419993
15 17 2 196 544.964417 -33.612255 537.236772 -83.394573 529.509127 -133.176891
15 19 2 197 545.741043 -16.814102 539.550112 -66.810783 533.359181 -116.807463
15 27 2 198 546.000000 -0.000000 541.351656 -50.163618 536.703312 -100.327237
15 31 2 199 545.741043 16.814102 542.639695 -33.468871 539.538348 -83.751844
15 32 2 200 544.964417 33.612255 543.413008 -16.742376 541.861598 -67.097007
15 37 2 201 543.670860 50.378524 543.670860 -0.000000 543.670860 -50.378524
15 39 2 202 541.861598 67.097007 543.413008 16.742376 544.964417 -33.612255
15 41 2 203 539.538348 83.751844 542.639695 33.468871 545.741043 -16.814102
16 11 3 0 554.407714 -92.065666 558.172414 -41.829240 561.937113 8.407187
16 17 3 4 561.434103 -25.214035 559.173935 25.112530 556.913766 75.439095
16 19 3 5 561.937113 -8.407187 558.172414 41.829240 554.407714 92.065666
16 31 3 6 561.937113 8.407187 556.671252 58.508506 551.405391 108.609826
16 33 3 7 561.434103 25.214035 554.671795 75.135400 547.909487 125.056765
17 16 3 17 529.059194 189.579453 507.882736 235.289726 486.706277 281.000000
17 20 3 18 523.151047 205.321656 500.616622 250.377967 478.082197 295.434279
17 21 3 19 516.774608 220.880068 492.902388 265.242086 469.030169 309.604104
18 14 3 31 406.210713 388.377209 368.273013 421.522380 330.335312 454.667551
18 18 3 32 394.410421 400.355366 355.498147 432.350779 316.585873 464.346191
18 32 3 38 316.585873 464.346191 272.585933 488.879369 228.585993 513.412547
19 16 3 45 213.124710 520.021017 164.985540 534.869984 116.846370 549.718952
20 10 3 55 50.377292 559.737553 0.000000 559.737553 -50.377292 559.737553
20 15 3 56 33.609935 560.994093 -16.744810 559.487033 -67.099554 557.979973
20 14 3 57 16.812492 561.748467 -33.474631 558.735696 -83.761754 555.722924
20 28 3 58 0.000000 562.000000 -50.174487 557.484214 -100.348975 552.968429
20 40 3 65 -116.846370 549.718952 -164.985540 534.869984 -213.124710 520.021017
21 10 3 70 -197.472651 526.163997 -242.861023 504.306110 -288.249394 482.448222
21 26 3 71 -213.124710 520.021017 -257.838878 496.815098 -302.553046 473.609179
21 38 3 78 -316.585873 464.346191 -355.498147 432.350779 -394.410421 400.355366
22 30 3 89 -449.675054 337.099905 -476.157579 294.244947 -502.640103 251.389989
22 34 3 90 -459.558295 323.496791 -484.746941 279.868777 -509.935586 236.240762
22 36 3 91 -469.030169 309.604104 -492.902388 265.242086 -516.774608 220.880068
11 3 3 144 -302.553046 -473.609179 -257.838878 -496.815098 -213.124710 -520.021017
11 7 3 145 -288.249394 -482.448222 -242.861023 -504.306110 -197.472651 -526.163997
11 9 3 146 -273.687719 -490.855409 -227.665773 -511.345699 -181.643827 -531.835990
11 13 3 147 -258.881057 -498.823213 -212.266733 -517.927565 -165.652408 -537.031917
11 17 3 148 -243.842661 -506.344504 -196.677684 -524.045816 -149.512707 -541.747128
11 19 3 149 -228.585993 -513.412547 -180.912583 -529.694974 -133.239172 -545.977402
11 29 3 151 -197.472651 -526.163997 -148.910813 -539.566213 -100.348975 -552.968429
11 31 3 152 -181.643827 -531.835990 -132.702791 -543.779457 -83.761754 -555.722924
11 35 3 153 -165.652408 -537.031917 -116.375981 -547.505945 -67.099554 -557.979973
11 37 3 154 -149.512707 -541.747128 -99.944999 -550.742340 -50.377292 -559.737553
11 41 3 155 -133.239172 -545.977402 -83.424553 -553.485747 -33.609935 -560.994093
11 43 3 156 -116.846370 -549.718952 -66.829431 -555.733709 -16.812492 -561.748467
12 7 3 157 -100.348975 -552.968429 -50.174487 -557.484214 -0.000000 -562.000000
12 11 3 158 -83.761754 -555.722924 -33.474631 -558.735696 16.812492 -561.748467
12 12 3 159 -67.099554 -557.979973 -16.744810 -559.487033 33.609935 -560.994093
12 15 3 160 -50.377292 -559.737553 -0.000000 -559.737553 50.377292 -559.737553
12 31 3 165 33.609935 -560.994093 83.424553 -553.485747 133.239172 -545.977402
12 33 3 166 50.377292 -559.737553 99.944999 -550.742340 149.512707 -541.747128
12 34 3 167 67.099554 -557.979973 116.375981 -547.505945 165.652408 -537.031917
12 39 3 168 83.761754 -555.722924 132.702791 -543.779457 181.643827 -531.835990
12 41 3 169 100.348975 -552.968429 148.910813 -539.566213 197.472651 -526.163997
13 3 3 171 133.239172 -545.977402 180.912583 -529.694974 228.585993 -513.412547
13 7 3 172 149.512707 -541.747128 196.677684 -524.045816 243.842661 -506.344504
13 9 3 173 165.652408 -537.031917 212.266733 -517.927565 258.881057 -498.823213
13 13 3 174 181.643827 -531.835990 227.665773 -511.345699 273.687719 -490.855409
13 17 3 176 213.124710 -520.021017 257.838878 -496.815098 302.553046 -473.609179
13 29 3 178 243.842661 -506.344504 287.088987 -480.506027 330.335312 -454.667551
13 33 3 179 258.881057 -498.823213 301.335057 -471.702567 343.789056 -444.581921
13 37 3 180 273.687719 -490.855409 315.311391 -462.476870 356.935063 -434.098331
13 39 3 181 288.249394 -482.448222 329.005479 -452.837193 369.761564 -423.226164
13 43 3 182 302.553046 -473.609179 342.405062 -442.792165 382.257079 -411.975152
13 45 3 183 316.585873 -464.346191 355.498147 -432.350779 394.410421 -400.355366
14 5 3 184 330.335312 -454.667551 368.273013 -421.522380 406.210713 -388.377209
14 7 3 185 343.789056 -444.581921 380.718224 -410.316661 417.647392 -376.051401
14 11 3 186 356.935063 -434.098331 392.822641 -398.743653 428.710219 -363.388976
14 15 3 187 369.761564 -423.226164 404.575429 -386.813716 439.389293 -350.401269
14 17 3 188 382.257079 -411.975152 415.966066 -374.537528 449.675054 -337.099905
14 29 3 191 417.647392 -376.051401 447.864794 -335.742840 478.082197 -295.434279
14 33 3 192 428.710219 -363.388976 457.708248 -322.194488 486.706277 -281.000000
14 32 3 193 439.389293 -350.401269 467.141991 -308.357728 494.894689 -266.314188
14 37 3 194 449.675054 -337.099905 476.157579 -294.244947 502.640103 -251.389989
15 5 3 197 478.082197 -295.434279 500.616622 -250.377967 523.151047 -205.321656
15 7 3 198 486.706277 -281.000000 507.882736 -235.289726 529.059194 -189.579453
15 11 3 199 494.894689 -266.314188 514.694226 -219.990870 534.493762 -173.667551
15 10 3 200 502.640103 -251.389989 521.044994 -204.495091 539.449886 -157.600193
15 12 3 201 509.935586 -236.240762 526.929357 -188.816262 543.923129 -141.391761
15 15 3 202 516.774608 -220.880068 532.342047 -172.968416 547.909487 -125.056765
15 29 3 203 523.151047 -205.321656 537.278219 -156.965741 551.405391 -108.609826
15 33 3 204 529.059194 -189.579453 541.733454 -140.822560 554.407714 -92.065666
15 35 3 206 539.449886 -157.600193 549.185595 -108.172595 558.921305 -58.744996
16 5 4 0 569.218881 100.368647 573.609441 50.184323 578.000000 -0.000000
16 7 4 1 566.058879 116.881757 571.907178 66.846362 577.755477 16.810967
16 9 4 2 562.419935 133.295973 569.721025 83.451842 577.022115 33.607711
16 13 4 3 558.305128 149.597408 567.052832 99.986714 575.800535 50.376019
16 15 4 4 553.717938 165.772269 563.904854 116.436986 574.091771 67.101704
16 21 4 5 548.662248 181.806869 560.279758 132.788742 571.897267 83.770615
16 23 4 6 543.142335 197.687643 556.180608 149.028145 569.218881 100.368647
16 27 4 7 537.162869 213.401153 551.610874 165.141455 566.058879 116.881757
16 29 4 8 530.728910 228.934105 546.574422 181.115039 562.419935 133.295973
16 35 4 9 523.845901 244.273355 541.075514 196.935382 558.305128 149.597408
16 37 4 10 516.519666 259.405926 535.118802 212.589097 553.717938 165.772269
16 39 4 11 508.756404 274.319014 528.709326 228.062941 548.662248 181.806869
16 41 4 12 500.562683 289.000000 521.852509 243.343821 543.142335 197.687643
16 43 4 13 491.945437 303.436463 514.554153 258.418808 537.162869 213.401153
17 4 4 14 482.911955 317.616189 506.820432 273.275147 530.728910 228.934105
17 6 4 15 473.469882 331.527180 498.657891 287.900268 523.845901 244.273355
17 8 4 16 463.627205 345.157666 490.073436 302.281796 516.519666 259.405926
17 14 4 17 453.392254 358.496114 481.074329 316.407564 508.756404 274.319014
17 18 4 18 442.773688 371.531238 471.668186 330.265619 500.562683 289.000000
17 22 4 19 431.780491 384.252010 461.862964 343.844237 491.945437 303.436463
17 23 4 20 420.421965 396.647667 451.666960 357.131928 482.911955 317.616189
17 30 4 21 408.707720 408.707720 441.088801 370.117450 473.469882 331.527180
17 32 4 22 396.647667 420.421965 430.137436 382.789815 463.627205 345.157666
17 34 4 23 384.252010 431.780491 418.822132 395.138303 453.392254 358.496114
17 36 4 24 371.531238 442.773688 407.152463 407.152463 442.773688 371.531238
17 38 4 25 358.496114 453.392254 395.138303 418.822132 431.780491 384.252010
17 40 4 26 345.157666 463.627205 382.789815 430.137436 420.421965 396.647667
18 4 4 27 331.527180 473.469882 370.117450 441.088801 408.707720 408.707720
18 6 4 28 317.616189 482.911955 357.131928 451.666960 396.647667 420.421965
18 8 4 29 303.436463 491.945437 343.844237 461.862964 384.252010 431.780491
18 10 4 30 289.000000 500.562683 330.265619 471.668186 371.531238 442.773688
18 12 4 31 274.319014 508.756404 316.407564 481.074329 358.496114 453.392254
18 16 4 32 259.405926 516.519666 302.281796 490.073436 345.157666 463.627205
18 20 4 33 244.273355 523.845901 287.900268 498.657891 331.527180 473.469882
18 24 4 34 228.934105 530.728910 273.275147 506.820432 317.616189 482.911955
18 26 4 35 213.401153 537.162869 258.418808 514.554153 303.436463 491.945437
18 28 4 36 197.687643 543.142335 243.343821 521.852509 289.000000 500.562683
18 30 4 37 181.806869 548.662248 228.062941 528.709326 274.319014 508.756404
18 34 4 38 165.772269 553.717938 212.589097 535.118802 259.405926 516.519666
18 36 4 39 149.597408 558.305128 196.935382 541.075514 244.273355 523.845901
18 38 4 40 133.295973 562.419935 181.115039 546.574422 228.934105 530.728910
19 2 4 41 116.881757 566.058879 165.141455 551.610874 213.401153 537.162869
19 4 4 42 100.368647 569.218881 149.028145 556.180608 197.687643 543.142335
19 6 4 43 83.770615 571.897267 132.788742 560.279758 181.806869 548.662248
19 10 4 44 67.101704 574.091771 116.436986 563.904854 165.772269 553.717938
19 14 4 45 50.376019 575.800535 99.986714 567.052832 149.597408 558.305128
19 18 4 46 33.607711 577.022115 83.451842 569.721025 133.295973 562.419935
19 20 4 47 16.810967 577.755477 66.846362 571.907178 116.881757 566.058879
19 24 4 48 0.000000 578.000000 50.184323 573.609441 100.368647 569.218881
19 26 4 49 -16.810967 577.755477 33.479824 574.826372 83.770615 571.897267
19 28 4 50 -33.607711 577.022115 16.746997 575.556943 67.101704 574.091771
19 30 4 51 -50.376019 575.800535 0.000000 575.800535 50.376019 575.800535
19 34 4 52 -67.101704 574.091771 -16.746997 575.556943 33.607711 577.022115
19 36 4 53 -83.770615 571.897267 -33.479824 574.826372 16.810967 577.755477
20 2 4 54 -100.368647 569.218881 -50.184323 573.609441 0.000000 578.000000
20 4 4 55 -116.881757 566.058879 -66.846362 571.907178 -16.810967 577.755477
20 6 4 56 -133.295973 562.419935 -83.451842 569.721025 -33.607711 577.022115
20 8 4 57 -149.597408 558.305128 -99.986714 567.052832 -50.376019 575.800535
20 12 4 58 -165.772269 553.717938 -116.436986 563.904854 -67.101704 574.091771
20 16 4 59 -181.806869 548.662248 -132.788742 560.279758 -83.770615 571.897267
20 22 4 60 -197.687643 543.142335 -149.028145 556.180608 -100.368647 569.218881
20 24 4 61 -213.401153 537.162869 -165.141455 551.610874 -116.881757 566.058879
20 26 4 62 -228.934105 530.728910 -181.115039 546.574422 -133.295973 562.419935
20 30 4 63 -244.273355 523.845901 -196.935382 541.075514 -149.597408 558.305128
20 36 4 64 -259.405926 516.519666 -212.589097 535.118802 -165.772269 553.717938
20 38 4 65 -274.319014 508.756404 -228.062941 528.709326 -181.806869 548.662248
20 42 4 66 -289.000000 500.562683 -243.343821 521.852509 -197.687643 543.142335
20 44 4 67 -303.436463 491.945437 -258.418808 514.554153 -213.401153 537.162869
21 2 4 68 -317.616189 482.911955 -273.275147 506.820432 -228.934105 530.728910
21 4 4 69 -331.527180 473.469882 -287.900268 498.657891 -244.273355 523.845901
21 6 4 70 -345.157666 463.627205 -302.281796 490.073436 -259.405926 516.519666
21 8 4 71 -358.496114 453.392254 -316.407564 481.074329 -274.319014 508.756404
21 14 4 72 -371.531238 442.773688 -330.265619 471.668186 -289.000000 500.562683
21 20 4 73 -384.252010 431.780491 -343.844237 461.862964 -303.436463 491.945437
21 25 4 74 -396.647667 420.421965 -357.131928 451.666960 -317.616189 482.911955
21 24 4 75 -408.707720 408.707720 -370.117450 441.088801 -331.527180 473.469882
21 28 4 76 -420.421965 396.647667 -382.789815 430.137436 -345.157666 463.627205
21 30 4 77 -431.780491 384.252010 -395.138303 418.822132 -358.496114 453.392254
21 36 4 78 -442.773688 371.531238 -407.152463 407.152463 -371.531238 442.773688
21 40 4 79 -453.392254 358.496114 -418.822132 395.138303 -384.252010 431.780491
21 42 4 80 -463.627205 345.157666 -430.137436 382.789815 -396.647667 420.421965
22 2 4 81 -473.469882 331.527180 -441.088801 370.117450 -408.707720 408.707720
22 4 4 82 -482.911955 317.616189 -451.666960 357.131928 -420.421965 396.647667
22 6 4 83 -491.945437 303.436463 -461.862964 343.844237 -431.780491 384.252010
22 8 4 84 -500.562683 289.000000 -471.668186 330.265619 -442.773688 371.531238
22 10 4 85 -508.756404 274.319014 -481.074329 316.407564 -453.392254 358.496114
22 18 4 86 -516.519666 259.405926 -490.073436 302.281796 -463.627205 345.157666
22 20 4 87 -523.845901 244.273355 -498.657891 287.900268 -473.469882 331.527180
22 24 4 88 -530.728910 228.934105 -506.820432 273.275147 -482.911955 317.616189
22 26 4 89 -537.162869 213.401153 -514.554153 258.418808 -491.945437 303.436463
22 28 4 90 -543.142335 197.687643 -521.852509 243.343821 -500.562683 289.000000
22 32 4 91 -548.662248 181.806869 -528.709326 228.062941 -508.756404 274.319014
22 38 4 92 -553.717938 165.772269 -535.118802 212.589097 -516.519666 259.405926
22 40 4 93 -558.305128 149.597408 -541.075514 196.935382 -523.845901 244.273355
22 42 4 94 -562.419935 133.295973 -546.574422 181.115039 -530.728910 228.934105
16 1 5 0 586.817784 -92.091740 590.379154 -41.843069 593.940524 8.405602
16 3 5 1 589.188859 -75.448585 591.326822 -25.119255 593.464786 25.210075
16 2 5 2 591.088001 -58.744996 591.800846 -8.375321 592.513691 41.994354
16 8 5 3 592.513691 -41.994354 591.800846 8.375321 591.088001 58.744996
16 14 5 4 593.464786 -25.210075 591.326822 25.119255 589.188859 75.448585
16 22 5 5 593.940524 -8.405602 590.379154 41.843069 586.817784 92.091740
16 25 5 6 593.940524 8.405602 588.958600 58.533367 583.976676 108.661131
16 24 5 7 593.464786 25.210075 587.066299 75.176781 580.667812 125.143486
16 28 5 8 592.513691 41.994354 584.703766 91.759979 576.893841 141.525603
16 34 5 9 591.088001 58.744996 581.872894 108.269678 572.657786 157.794360
16 40 5 10 589.188859 75.448585 578.575949 124.692656 567.963040 173.936726
16 46 5 11 586.817784 92.091740 574.815574 141.015756 562.813365 189.939771
16 45 5 12 583.976676 108.661131 570.594780 157.225904 557.212883 205.790677
16 47 5 13 580.667812 125.143486 565.916947 173.310117 551.166082 221.476748
17 0 5 14 576.893841 141.525603 560.785823 189.255511 544.677805 236.985419
17 2 5 15 572.657786 157.794360 555.205517 205.049314 537.753249 252.304268
17 3 5 16 567.963040 173.936726 549.180500 220.678875 530.397960 267.421024
17 11 5 17 562.813365 189.939771 542.715597 236.131676 522.617830 282.323581
17 12 5 18 557.212883 205.790677 535.815987 251.395339 514.419090 297.000000
17 19 5 19 551.166082 221.476748 528.487195 266.457637 505.808308 311.438526
17 24 5 20 544.677805 236.985419 520.735093 281.306507 496.792381 325.627595
17 26 5 21 537.753249 252.304268 512.565889 295.930054 487.378530 339.555841
17 27 5 22 530.397960 267.421024 503.986128 310.316566 477.574295 353.212107
17 35 5 23 522.617830 282.323581 495.002680 324.454518 467.387531 366.585455
17 43 5 24 514.419090 297.000000 485.622743 338.332587 456.826396 379.665174
17 42 5 25 505.808308 311.438526 475.853829 351.939656 445.899349 392.440786
17 44 5 26 496.792381 325.627595 465.703762 365.264827 434.615144 404.902058
17 46 5 27 487.378530 339.555841 455.180674 378.297425 422.982818 417.039010
18 0 5 28 477.574295 353.212107 444.292992 391.027013 411.011688 428.841920
18 2 5 29 467.387531 366.585455 433.049438 403.443394 398.711344 440.301333
18 3 5 30 456.826396 379.665174 421.459017 415.536622 386.091638 451.408071
18 9 5 31 445.899349 392.440786 409.531014 427.297012 373.162678 462.153238
18 19 5 32 434.615144 404.902058 397.274982 438.715143 359.934821 472.528227
18 23 5 33 422.982818 417.039010 384.700739 449.781869 346.418660 482.524727
18 22 5 34 411.011688 428.841920 371.818356 460.488326 332.625023 492.134732
18 25 5 35 398.711344 440.301333 358.638151 470.825938 318.564958 501.350544
18 29 5 36 386.091638 451.408071 345.170683 480.786426 304.249727 510.164781
18 39 5 37 373.162678 462.153238 331.426738 490.361811 289.690797 518.570383
18 40 5 38 359.934821 472.528227 317.417324 499.544422 274.899828 526.560618
18 42 5 39 346.418660 482.524727 303.153664 508.326906 259.888668 534.129086
18 46 5 40 332.625023 492.134732 288.647182 516.702227 244.669341 541.269723
18 44 5 41 318.564958 501.350544 273.909498 524.663678 229.254038 547.976812
19 0 5 42 304.249727 510.164781 258.952416 532.204879 213.655105 554.244978
19 1 5 43 289.690797 518.570383 243.787917 539.319793 197.885038 560.069203
19 5 5 44 274.899828 526.560618 228.428148 546.002719 181.956468 565.444819
19 11 5 45 259.888668 534.129086 212.885410 552.248304 165.882153 570.367523
19 21 5 46 244.669341 541.269723 197.172155 558.051547 149.674968 574.833370
19 23 5 47 229.254038 547.976812 181.300967 563.407798 133.347897 578.838784
19 22 5 48 213.655105 554.244978 165.284560 568.312768 116.914015 582.380557
19 25 5 49 197.885038 560.069203 149.135763 572.762527 100.386487 585.455851
19 32 5 50 181.956468 565.444819 132.867509 576.753511 83.778551 588.062203
19 38 5 51 165.882153 570.367523 116.492831 580.282524 67.103510 590.197525
19 45 5 52 149.674968 574.833370 100.024844 583.346739 50.374719 591.860108
19 44 5 53 133.347897 578.838784 83.476738 585.943702 33.605579 593.048619
19 46 5 54 116.914015 582.380557 66.861768 588.071332 16.809522 593.762107
20 0 5 55 100.386487 585.455851 50.193244 589.727925 0.000000 594.000000
20 1 5 56 83.778551 588.062203 33.484515 590.912155 -16.809522 593.762107
20 3 5 57 67.103510 590.197525 16.748965 591.623072 -33.605579 593.048619
20 7 5 58 50.374719 591.860108 -0.000000 591.860108 -50.374719 591.860108
20 13 5 59 33.605579 593.048619 -16.748965 591.623072 -67.103510 590.197525
20 21 5 60 16.809522 593.762107 -33.484515 590.912155 -83.778551 588.062203
20 20 5 61 -0.000000 594.000000 -50.193244 589.727925 -100.386487 585.455851
20 25 5 62 -16.809522 593.762107 -66.861768 588.071332 -116.914015 582.380557
20 27 5 63 -33.605579 593.048619 -83.476738 585.943702 -133.347897 578.838784
20 32 5 64 -50.374719 591.860108 -100.024844 583.346739 -149.674968 574.833370
20 37 5 65 -67.103510 590.197525 -116.492831 580.282524 -165.882153 570.367523
20 45 5 66 -83.778551 588.062203 -132.867509 576.753511 -181.956468 565.444819
20 47 5 67 -100.386487 585.455851 -149.135763 572.762527 -197.885038 560.069203
20 46 5 68 -116.914015 582.380557 -165.284560 568.312768 -213.655105 554.244978
21 0 5 69 -133.347897 578.838784 -181.300967 563.407798 -229.254038 547.976812
21 1 5 70 -149.674968 574.833370 -197.172155 558.051547 -244.669341 541.269723
21 3 5 71 -165.882153 570.367523 -212.885410 552.248304 -259.888668 534.129086
21 7 5 72 -181.956468 565.444819 -228.428148 546.002719 -274.899828 526.560618
21 15 5 73 -197.885038 560.069203 -243.787917 539.319793 -289.690797 518.570383
21 23 5 74 -213.655105 554.244978 -258.952416 532.204879 -304.249727 510.164781
21 22 5 75 -229.254038 547.976812 -273.909498 524.663678 -318.564958 501.350544
21 27 5 76 -244.669341 541.269723 -288.647182 516.702227 -332.625023 492.134732
21 29 5 77 -259.888668 534.129086 -303.153664 508.326906 -346.418660 482.524727
21 33 5 78 -274.899828 526.560618 -317.417324 499.544422 -359.934821 472.528227
21 39 5 79 -289.690797 518.570383 -331.426738 490.361811 -373.162678 462.153238
21 45 5 80 -304.249727 510.164781 -345.170683 480.786426 -386.091638 451.408071
21 44 5 81 -318.564958 501.350544 -358.638151 470.825938 -398.711344 440.301333
21 46 5 82 -332.625023 492.134732 -371.818356 460.488326 -411.011688 428.841920
22 0 5 83 -346.418660 482.524727 -384.700739 449.781869 -422.982818 417.039010
22 1 5 84 -359.934821 472.528227 -397.274982 438.715143 -434.615144 404.902058
22 3 5 85 -373.162678 462.153238 -409.531014 427.297012 -445.899349 392.440786
22 9 5 86 -386.091638 451.408071 -421.459017 415.536622 -456.826396 379.665174
22 17 5 87 -398.711344 440.301333 -433.049438 403.443394 -467.387531 366.585455
22 21 5 88 -411.011688 428.841920 -444.292992 391.027013 -477.574295 353.212107
22 22 5 89 -422.982818 417.039010 -455.180674 378.297425 -487.378530 339.555841
22 25 5 90 -434.615144 404.902058 -465.703762 365.264827 -496.792381 325.627595
22 27 5 91 -445.899349 392.440786 -475.853829 351.939656 -505.808308 311.438526
22 33 5 92 -456.826396 379.665174 -485.622743 338.332587 -514.419090 297.000000
22 39 5 93 -467.387531 366.585455 -495.002680 324.454518 -522.617830 282.323581
22 47 5 94 -477.574295 353.212107 -503.986128 310.316566 -530.397960 267.421024
22 44 5 95 -487.378530 339.555841 -512.565889 295.930054 -537.753249 252.304268
22 46 5 96 -496.792381 325.627595 -520.735093 281.306507 -544.677805 236.985419
16 0 6 0 601.680395 100.402700 605.840198 50.201350 610.000000 -0.000000
16 4 6 1 598.685411 116.943485 604.226899 66.875817 609.768387 16.808149
16 6 6 2 595.235793 133.395466 602.154759 83.499500 609.073725 33.603534
16 10 6 3 591.334162 149.746147 599.625351 100.059774 607.916541 50.373401
16 12 6 4 586.983480 165.983114 596.640597 116.544064 606.297713 67.105015
16 16 6 5 582.187051 182.094035 593.202761 132.939852 604.218472 83.785670
16 20 6 6 576.948517 198.066676 589.314456 149.234688 601.680395 100.402700
16 26 6 7 571.271857 213.888909 584.978634 165.416197 598.685411 116.943485
16 30 6 8 565.161381 229.548717 580.198587 181.472091 595.235793 133.395466
16 32 6 9 558.621729 245.034209 574.977946 197.390178 591.334162 149.746147
16 36 6 10 551.657868 260.333626 569.320674 213.158370 586.983480 165.983114
16 38 6 11 544.275086 275.435349 563.231068 228.764692 582.187051 182.094035
16 42 6 12 536.478988 290.327910 556.713753 244.197293 576.948517 198.066676
16 44 6 13 528.275496 305.000000 549.773677 259.444454 571.271857 213.888909
17 1 6 14 519.670839 319.440478 542.416110 274.494597 565.161381 229.548717
17 5 6 15 510.671552 333.638376 534.646640 289.336293 558.621729 245.034209
17 7 6 16 501.284467 347.582915 526.471168 303.958270 551.657868 260.333626
17 9 6 17 491.516714 361.263504 517.895900 318.349426 544.275086 275.435349
17 10 6 18 481.375711 374.669755 508.927349 332.498832 536.478988 290.327910
17 13 6 19 470.869157 387.791486 499.572327 346.395743 528.275496 305.000000
17 17 6 20 460.005032 400.618735 489.837936 360.029606 519.670839 319.440478
17 25 6 21 448.791586 413.141759 479.731569 373.390068 510.671552 333.638376
17 28 6 22 437.237333 425.351049 469.260900 386.466982 501.284467 347.582915
17 31 6 23 425.351049 437.237333 458.433882 399.250419 491.516714 361.263504
17 37 6 24 413.141759 448.791586 447.258735 411.730670 481.375711 374.669755
17 39 6 25 400.618735 460.005032 435.743946 423.898259 470.869157 387.791486
17 41 6 26 387.791486 470.869157 423.898259 435.743946 460.005032 400.618735
17 45 6 27 374.669755 481.375711 411.730670 447.258735 448.791586 413.141759
17 47 6 28 361.263504 491.516714 399.250419 458.433882 437.237333 425.351049
18 1 6 29 347.582915 501.284467 386.466982 469.260900 425.351049 437.237333
18 5 6 30 333.638376 510.671552 373.390068 479.731569 413.141759 448.791586
18 7 6 31 319.440478 519.670839 360.029606 489.837936 400.618735 460.005032
18 11 6 32 305.000000 528.275496 346.395743 499.572327 387.791486 470.869157
18 15 6 33 290.327910 536.478988 332.498832 508.927349 374.669755 481.375711
18 17 6 34 275.435349 544.275086 318.349426 517.895900 361.263504 491.516714
18 21 6 35 260.333626 551.657868 303.958270 526.471168 347.582915 501.284467
18 27 6 36 245.034209 558.621729 289.336293 534.646640 333.638376 510.671552
18 31 6 37 229.548717 565.161381 274.494597 542.416110 319.440478 519.670839
18 37 6 38 213.888909 571.271857 259.444454 549.773677 305.000000 528.275496
18 41 6 39 198.066676 576.948517 244.197293 556.713753 290.327910 536.478988
18 43 6 40 182.094035 582.187051 228.764692 563.231068 275.435349 544.275086
18 45 6 41 165.983114 586.983480 213.158370 569.320674 260.333626 551.657868
18 47 6 42 149.746147 591.334162 197.390178 574.977946 245.034209 558.621729
19 3 6 43 133.395466 595.235793 181.472091 580.198587 229.548717 565.161381
19 7 6 44 116.943485 598.685411 165.416197 584.978634 213.888909 571.271857
19 8 6 45 100.402700 601.680395 149.234688 589.314456 198.066676 576.948517
19 9 6 46 83.785670 604.218472 132.939852 593.202761 182.094035 582.187051
19 12 6 47 67.105015 606.297713 116.544064 596.640597 165.983114 586.983480
19 19 6 48 50.373401 607.916541 100.059774 599.625351 149.746147 591.334162
19 27 6 49 33.603534 609.073725 83.499500 602.154759 133.395466 595.235793
19 29 6 50 16.808149 609.768387 66.875817 604.226899 116.943485 598.685411
19 33 6 51 0.000000 610.000000 50.201350 605.840198 100.402700 601.680395
19 39 6 52 -16.808149 609.768387 33.488761 606.993429 83.785670 604.218472
19 41 6 53 -33.603534 609.073725 16.750740 607.685719 67.105015 606.297713
19 43 6 54 -50.373401 607.916541 0.000000 607.916541 50.373401 607.916541
19 40 6 55 -67.105015 606.297713 -16.750740 607.685719 33.603534 609.073725
19 47 6 56 -83.785670 604.218472 -33.488761 606.993429 16.808149 609.768387
19 42 6 57 -100.402700 601.680395 -50.201350 605.840198 0.000000 610.000000
0 20 5 6 58 -116.943485 598.685411 -66.875817 604.226899 -16.808149 609.768387
0 20 9 6 59 -133.395466 595.235793 -83.499500 602.154759 -33.603534 609.073725
0 20 11 6 60 -149.746147 591.334162 -100.059774 599.625351 -50.373401 607.916541
0 20 17 6 61 -165.983114 586.983480 -116.544064 596.640597 -67.105015 606.297713
0 20 18 6 62 -182.094035 582.187051 -132.939852 593.202761 -83.785670 604.218472
0 20 23 6 63 -198.066676 576.948517 -149.234688 589.314456 -100.402700 601.680395
0 20 29 6 64 -213.888909 571.271857 -165.416197 584.978634 -116.943485 598.685411
0 20 31 6 65 -229.548717 565.161381 -181.472091 580.198587 -133.395466 595.235793
0 20 35 6 66 -245.034209 558.621729 -197.390178 574.977946 -149.746147 591.334162
0 20 34 6 67 -260.333626 551.657868 -213.158370 569.320674 -165.983114 586.983480
0 20 39 6 68 -275.435349 544.275086 -228.764692 563.231068 -182.094035 582.187051
0 20 41 6 69 -290.327910 536.478988 -244.197293 556.713753 -198.066676 576.948517
0 20 43 6 70 -305.000000 528.275496 -259.444454 549.773677 -213.888909 571.271857
1 21 5 6 72 -333.638376 510.671552 -289.336293 534.646640 -245.034209 558.621729
1 21 9 6 73 -347.582915 501.284467 -303.958270 526.471168 -260.333626 551.657868
1 21 11 6 74 -361.263504 491.516714 -318.349426 517.895900 -275.435349 544.275086
1 21 13 6 75 -374.669755 481.375711 -332.498832 508.927349 -290.327910 536.478988
1 21 19 6 76 -387.791486 470.869157 -346.395743 499.572327 -305.000000 528.275496
1 21 21 6 77 -400.618735 460.005032 -360.029606 489.837936 -319.440478 519.670839
1 21 31 6 78 -413.141759 448.791586 -373.390068 479.731569 -333.638376 510.671552
1 21 32 6 79 -425.351049 437.237333 -386.466982 469.260900 -347.582915 501.284467
1 21 35 6 80 -437.237333 425.351049 -399.250419 458.433882 -361.263504 491.516714
1 21 34 6 81 -448.791586 413.141759 -411.730670 447.258735 -374.669755 481.375711
1 21 37 6 82 -460.005032 400.618735 -423.898259 435.743946 -387.791486 470.869157
1 21 41 6 83 -470.869157 387.791486 -435.743946 423.898259 -400.618735 460.005032
1 21 43 6 84 -481.375711 374.669755 -447.258735 411.730670 -413.141759 448.791586
1 21 47 6 85 -491.516714 361.263504 -458.433882 399.250419 -425.351049 437.237333
2 22 5 6 86 -501.284467 347.582915 -469.260900 386.466982 -437.237333 425.351049
2 22 7 6 87 -510.671552 333.638376 -479.731569 373.390068 -448.791586 413.141759
2 22 12 6 88 -519.670839 319.440478 -489.837936 360.029606 -460.005032 400.618735
2 22 15 6 89 -528.275496 305.000000 -499.572327 346.395743 -470.869157 387.791486
2 22 16 6 90 -536.478988 290.327910 -508.927349 332.498832 -481.375711 374.669755
2 22 19 6 91 -544.275086 275.435349 -517.895900 318.349426 -491.516714 361.263504
2 22 23 6 92 -551.657868 260.333626 -526.471168 303.958270 -501.284467 347.582915
2 22 29 6 93 -558.621729 245.034209 -534.646640 289.336293 -510.671552 333.638376
2 22 31 6 94 -565.161381 229.548717 -542.416110 274.494597 -519.670839 319.440478
2 22 35 6 95 -571.271857 213.888909 -549.773677 259.444454 -528.275496 305.000000
2 22 37 6 96 -576.948517 198.066676 -556.713753 244.197293 -536.478988 290.327910
2 22 41 6 97 -582.187051 182.094035 -563.231068 228.764692 -544.275086 275.435349
2 22 43 6 98 -586.983480 165.983114 -569.320674 213.158370 -551.657868 260.333626
2 22 45 6 99 -591.334162 149.746147 -574.977946 197.390178 -558.621729 245.034209
16 18 7 5 625.943584 -8.404179 622.564744 41.854443 619.185904 92.113065
17 15 7 20 579.149387 237.617312 556.341222 282.529819 533.533057 327.442326
17 29 7 22 565.559972 268.361543 540.373936 311.985037 515.187900 355.608531
17 33 7 23 558.151135 283.448957 531.802974 326.380531 505.454814 369.312105
18 13 7 32 474.098502 408.786755 438.241773 444.165288 402.385044 479.543821
18 33 7 37 415.114784 468.567728 374.845196 498.828361 334.575607 529.088994
18 35 7 38 402.385044 479.543821 361.317534 508.712388 320.250024 537.880955
19 13 7 47 275.930117 561.906194 229.075460 580.399076 182.220803 598.891959
19 15 7 48 260.744599 569.111812 213.410334 586.340075 166.076070 603.568338
19 17 7 49 245.371098 575.907132 197.591352 591.858355 149.811606 607.809578
19 31 7 50 229.820698 582.287255 181.629917 596.949937 133.439136 611.612620
19 35 7 51 214.104610 588.247581 165.537537 601.611152 116.970463 614.974724
19 37 7 52 198.234164 593.783813 149.325813 605.838639 100.417462 617.893464
0 20 19 7 63 16.806843 625.774344 -33.492611 623.070541 -83.792065 620.366738
0 20 33 7 66 -33.601570 625.097540 -83.520353 618.355080 -133.439136 611.612620
1 21 12 7 75 -182.220803 598.891959 -229.075460 580.399076 -275.930117 561.906194
1 21 17 7 76 -198.234164 593.783813 -244.575435 574.039642 -290.916706 554.295472
1 21 16 7 77 -214.104610 588.247581 -259.899084 567.266357 -305.693559 546.285134
1 21 18 7 78 -229.820698 582.287255 -275.035361 560.084105 -320.250024 537.880955
2 22 11 7 88 -376.064657 500.451170 -413.768695 467.048308 -451.472732 433.645445
2 22 13 7 89 -389.365206 490.174190 -426.158852 455.771091 -462.952498 421.367991
2 22 14 7 90 -402.385044 479.543821 -438.241773 444.165288 -474.098502 408.786755
