it il dx
2 1 0.067567
2 2 0.048847
2 3 0.019403
2 4 0.037169
2 5 0.026498
2 6 0.033324
2 7 0.053405
2 8 0.064303

3 1 0.047421
3 2 0.042864
3 3 0.024215
3 4 0.028309
3 5 0.023347
3 6 0.028108
3 7 0.049143
3 8 0.034293

4 1 0.038092
4 2 0.019496
4 3 0.015555
4 4 0.023327
4 5 0.016355
4 6 0.022311
4 7 0.039032
4 8 0.026848

5 1 0.037868
5 2 0.025303
5 3 0.016916
5 4 0.020345
5 5 0.018729
5 6 0.021617
5 7 0.035046
5 8 0.022151

6 1 0.028101
6 2 0.021327
6 3 0.013169
6 4 0.018842
6 5 0.012212
6 6 0.017740
6 7 0.032416
6 8 0.018974

7 1 0.030381
7 2 0.026063
7 3 0.016201
7 4 0.019757
7 5 0.014954
7 6 0.014746
7 7 0.027945
7 8 0.029423

8 1 0.043872
8 2 0.032056
8 3 0.019868
8 4 0.033819
8 5 0.017979
8 6 0.025746
8 7 0.052968
8 8 0.032070
