it il dx
5 1 0.035175
5 2 0.021546
5 3 0.022434
5 4 0.022478
5 5 0.017888
5 6 0.024200
5 7 0.038299
5 8 0.023009

6 1 0.028841
6 2 0.019739
6 3 0.009913
6 4 0.019159
6 5 0.015320
6 6 0.013277
6 7 0.027079
6 8 0.026238

7 1 0.026954
7 2 0.019009
7 3 0.007843
7 4 0.012068
7 5 0.012285
7 6 0.011676
7 7 0.018658
7 8 0.012256

8 1 0.013223
8 2 0.019726
8 3 0.011858
8 4 0.011562
8 5 0.006673
8 6 0.014192
8 7 0.028947
8 8 0.010917

9 1 0.019651
9 2 0.017445
9 3 0.008735
9 4 0.008505
9 5 0.006861
9 6 0.013238
9 7 0.014928
9 8 0.010395

10 1 0.009942
10 2 0.009336
10 3 0.006977
10 4 0.012534
10 5 0.007084
10 6 0.007411
10 7 0.015074
10 8 0.015927

11 1 0.017685
11 2 0.011253
11 3 0.005509
11 4 0.011234
11 5 0.009896
11 6 0.007556
11 7 0.008105
11 8 0.011682

12 1 0.010386
12 2 0.008382
12 3 0.006640
12 4 0.006206
12 5 0.005754
12 6 0.006023
12 7 0.011319
12 8 0.005271

13 1 0.009696
13 2 0.012188
13 3 0.007307
13 4 0.004352
13 5 0.003565
13 6 0.008660
13 7 0.022517
13 8 0.007158

14 1 0.006376
14 2 0.012034
14 3 0.004238
14 4 0.004818
14 5 0.003508
14 6 0.004986
14 7 0.019827
14 8 0.008598

15 1 0.004492
15 2 0.006304
15 3 0.003569
15 4 0.006247
15 5 0.004175
15 6 0.002791
15 7 0.010095
15 8 0.006383

16 1 0.006609
16 2 0.004180
16 3 0.003471
16 4 0.004058
16 5 0.005369
16 6 0.002762
16 7 0.005223
16 8 0.003790

17 1 0.004386
17 2 0.004595
17 3 0.003743
17 4 0.003297
17 5 0.001924
17 6 0.003955
17 7 0.007054
17 8 0.002739
