it il dx
5 1 0.106596
5 2 0.045172
5 3 0.057088
5 4 0.032567
5 5 0.064514
5 6 0.024200
5 7 0.115184
5 8 0.039536

6 1 0.084839
6 2 0.037532
6 3 0.041297
6 4 0.031956
6 5 0.054766
6 6 0.013277
6 7 0.071714
6 8 0.033535

7 1 0.066004
7 2 0.031557
7 3 0.046484
7 4 0.029299
7 5 0.043463
7 6 0.011676
7 7 0.070337
7 8 0.028839

8 1 0.072759
8 2 0.025482
8 3 0.057785
8 4 0.025457
8 5 0.043461
8 6 0.014192
8 7 0.092458
8 8 0.034430

9 1 0.088419
9 2 0.033389
9 3 0.055799
9 4 0.024467
9 5 0.054924
9 6 0.013238
9 7 0.093375
9 8 0.035481

10 1 0.091008
10 2 0.031682
10 3 0.046321
10 4 0.027516
10 5 0.057975
10 6 0.007411
10 7 0.074936
10 8 0.036149

11 1 0.075681
11 2 0.032413
11 3 0.046470
11 4 0.027385
11 5 0.049411
11 6 0.007556
11 7 0.072855
11 8 0.030064

12 1 0.071892
12 2 0.026321
12 3 0.051296
12 4 0.026176
12 5 0.044783
12 6 0.006023
12 7 0.077192
12 8 0.031173

13 1 0.077591
13 2 0.025946
13 3 0.054372
13 4 0.024357
13 5 0.048142
13 6 0.008660
13 7 0.085264
13 8 0.035153

14 1 0.082500
14 2 0.028915
14 3 0.049840
14 4 0.025615
14 5 0.053260
14 6 0.004986
14 7 0.107781
14 8 0.034068

15 1 0.081343
15 2 0.029001
15 3 0.046526
15 4 0.026924
15 5 0.052664
15 6 0.002791
15 7 0.080859
15 8 0.033668

16 1 0.077622
16 2 0.026864
16 3 0.048672
16 4 0.026744
16 5 0.048665
16 6 0.002762
16 7 0.079210
16 8 0.033307

17 1 0.077231
17 2 0.027885
17 3 0.049846
17 4 0.025495
17 5 0.049851
17 6 0.003955
17 7 0.083417
17 8 0.034078
