t0shift = 0
layer 1 & 2
  [0,0]: 20.294562
  [0,1]: 267.081386
  [0,2]: 513.995784
  [0,3]: 761.154524
  [0,4]: 1008.674808
  [0,5]: 1256.674559
  [0,6]: 1505.272569
  [0,7]: 1754.588824
  [0,8]: 2004.744622
  [1,0]: -226.344207
  [1,1]: 20.407761
  [1,2]: 267.170511
  [1,3]: 514.060520
  [1,4]: 761.194482
  [1,5]: 1008.689582
  [1,6]: 1256.663656
  [1,7]: 1505.235493
  [1,8]: 1754.524967
  [2,0]: -473.096000
  [2,1]: -226.254325
  [2,2]: 20.481357
  [2,3]: 267.227473
  [2,4]: 514.100446
  [2,5]: 761.216959
  [2,6]: 1008.694135
  [2,7]: 1256.649814
  [2,8]: 1505.202693
  [3,0]: -720.085922
  [3,1]: -473.029794
  [3,2]: -226.196650
  [3,3]: 20.530123
  [3,4]: 267.266913
  [3,5]: 514.130140
  [3,6]: 761.236450
  [3,7]: 1008.702976
  [3,8]: 1256.647487
  [4,0]: -967.439564
  [4,1]: -720.043799
  [4,2]: -472.988461
  [4,3]: -226.156515
  [4,4]: 20.568628
  [4,5]: 267.303359
  [4,6]: 514.164087
  [4,7]: 761.267476
  [4,8]: 1008.730608
  [5,0]: -1215.283194
  [5,1]: -967.421931
  [5,2]: -720.019227
  [5,3]: -472.957391
  [5,4]: -226.119393
  [5,5]: 20.611364
  [5,6]: 267.351287
  [5,7]: 514.216808
  [5,8]: 761.324560
  [6,0]: -1463.744158
  [6,1]: -1215.290582
  [6,2]: -967.414632
  [6,3]: -719.997716
  [6,4]: -472.922127
  [6,5]: -226.070825
  [6,6]: 20.672832
  [6,7]: 267.425278
  [6,8]: 514.302936
  [7,0]: -1712.951039
  [7,1]: -1463.777124
  [7,2]: -1215.301082
  [7,3]: -967.403172
  [7,4]: -719.964772
  [7,5]: -472.868157
  [7,6]: -225.996217
  [7,7]: 20.767724
  [7,8]: 267.540111
  [8,0]: -1963.033908
  [8,1]: -1713.010160
  [8,2]: -1463.805959
  [8,3]: -1215.300170
  [8,4]: -967.373007
  [8,5]: -719.905821
  [8,6]: -472.780793
  [8,7]: -225.880770
  [8,8]: 20.910954
layer 2 & 3
  [0,0]: 103.456800
  [0,1]: -144.280800
  [0,2]: -392.084056
  [0,3]: -640.063416
  [0,4]: -888.329682
  [0,5]: -1136.994100
  [0,6]: -1386.168688
  [0,7]: -1635.966349
  [0,8]: -1886.501147
  [1,0]: 351.107637
  [1,1]: 103.346476
  [1,2]: -144.369737
  [1,3]: -392.151292
  [1,4]: -640.108635
  [1,5]: -888.352466
  [1,6]: -1136.994042
  [1,7]: -1386.145308
  [1,8]: -1635.919161
  [2,0]: 598.924332
  [2,1]: 351.021742
  [2,2]: 103.274792
  [2,3]: -144.426862
  [2,4]: -392.193522
  [2,5]: -640.135551
  [2,6]: -888.363662
  [2,7]: -1136.989057
  [2,8]: -1386.123689
  [3,0]: 847.025371
  [3,1]: 598.863215
  [3,2]: 350.967688
  [3,3]: 103.228182
  [3,4]: -144.465669
  [3,5]: -392.224105
  [3,6]: -640.157506
  [3,7]: -888.376548
  [3,8]: -1136.992452
  [4,0]: 1095.529751
  [4,1]: 846.989398
  [4,2]: 598.827174
  [4,3]: 350.931995
  [4,4]: 103.193217
  [4,5]: -144.499484
  [4,6]: -392.256367
  [4,7]: -640.187792
  [4,8]: -888.404465
  [5,0]: 1344.557273
  [5,1]: 1095.519364
  [5,2]: 846.971809
  [5,3]: 598.802831
  [5,4]: 350.901301
  [5,5]: 103.156597
  [5,6]: -144.541629
  [5,7]: -392.303632
  [5,8]: -640.239815
  [6,0]: 1594.228696
  [6,1]: 1344.572925
  [6,2]: 1095.520672
  [6,3]: 846.959254
  [6,4]: 598.776840
  [6,5]: 350.862299
  [6,6]: 103.104986
  [6,7]: -144.605462
  [6,8]: -392.379354
  [7,0]: 1844.666072
  [7,1]: 1594.270940
  [7,2]: 1344.593652
  [7,3]: 1095.520398
  [7,4]: 846.938430
  [7,5]: 598.735894
  [7,6]: 350.801633
  [7,7]: 103.024969
  [7,8]: -144.704525
  [8,0]: 2095.992870
  [8,1]: 1844.735453
  [8,2]: 1594.311594
  [8,3]: 1344.606131
  [8,4]: 1095.505177
  [8,5]: 846.895939
  [8,6]: 598.666536
  [8,7]: 350.705760
  [8,8]: 102.902856
layer 3 & 4
  [0,0]: -103.895836
  [0,1]: 144.822500
  [0,2]: 393.603270
  [0,3]: 642.551279
  [0,4]: 891.771640
  [0,5]: 1141.369908
  [0,6]: 1391.452288
  [0,7]: 1642.125796
  [0,8]: 1893.498519
  [0,9]: 2145.679609
  [1,0]: -352.514894
  [1,1]: -103.776380
  [1,2]: 144.919625
  [1,3]: 393.677773
  [1,4]: 642.602861
  [1,5]: 891.799945
  [1,6]: 1141.374549
  [1,7]: 1391.432827
  [1,8]: 1642.081810
  [1,9]: 1893.429421
  [2,0]: -601.290951
  [2,1]: -352.420589
  [2,2]: -103.697759
  [2,3]: 144.982230
  [2,4]: 393.724047
  [2,5]: 642.632438
  [2,6]: 891.812439
  [2,7]: 1141.369534
  [2,8]: 1391.409899
  [2,9]: 1642.040425
  [3,0]: -850.336206
  [3,1]: -601.222089
  [3,2]: -352.360793
  [3,3]: -103.647400
  [3,4]: 145.022820
  [3,5]: 393.754490
  [3,6]: 642.652349
  [3,7]: 891.821405
  [3,8]: 1141.367168
  [3,9]: 1391.395699
  [4,0]: -1099.763381
  [4,1]: -850.293160
  [4,2]: -601.181505
  [4,3]: -352.323084
  [4,4]: -103.612915
  [4,5]: 145.053692
  [4,6]: 393.781366
  [4,7]: 642.674826
  [4,8]: 891.839114
  [4,9]: 1141.379649
  [5,0]: -1349.685802
  [5,1]: -1099.746494
  [5,2]: -850.272145
  [5,3]: -601.156814
  [5,4]: -352.295083
  [5,5]: -103.582005
  [5,6]: 145.087127
  [5,7]: 393.816935
  [5,8]: 642.712178
  [5,9]: 891.877829
  [6,0]: -1600.217762
  [6,1]: -1349.695530
  [6,2]: -1099.745490
  [6,3]: -850.260904
  [6,4]: -601.135722
  [6,5]: -352.264550
  [6,6]: -103.542415
  [6,7]: 145.135394
  [6,8]: 393.873544
  [6,9]: 642.776751
  [7,0]: -1851.474620
  [7,1]: -1600.254570
  [7,2]: -1349.714986
  [7,3]: -1099.748132
  [7,4]: -850.247134
  [7,5]: -601.105962
  [7,6]: -352.219187
  [7,7]: -103.481817
  [7,8]: 145.210909
  [7,9]: 393.963638
  [8,0]: -2103.573100
  [8,1]: -1851.539067
  [8,2]: -1600.295014
  [8,3]: -1349.732008
  [8,4]: -1099.742151
  [8,5]: -850.218586
  [8,6]: -601.055235
  [8,7]: -352.146637
  [8,8]: -103.387747
  [8,9]: 145.326202
layer 4 & 5
  [0,0]: 104.335769
  [0,1]: -145.360534
  [0,2]: -395.116285
  [0,3]: -645.031084
  [0,4]: -895.204808
  [0,5]: -1145.737772
  [0,6]: -1396.730844
  [0,7]: -1648.285623
  [0,8]: -1900.504598
  [0,9]: -2153.491416
  [1,0]: 353.920469
  [1,1]: 104.206954
  [1,2]: -145.466276
  [1,3]: -395.198695
  [1,4]: -645.089884
  [1,5]: -895.239702
  [1,6]: -1145.748405
  [1,7]: -1396.716813
  [1,8]: -1648.246471
  [1,9]: -1900.439905
  [2,0]: 603.654037
  [2,1]: 353.817345
  [2,2]: 104.120741
  [2,3]: -145.535292
  [2,4]: -395.250211
  [2,5]: -645.123586
  [2,6]: -895.255233
  [2,7]: -1145.745372
  [2,8]: -1396.694778
  [2,9]: -1648.205037
  [3,0]: 853.642908
  [3,1]: 603.576856
  [3,2]: 353.750935
  [3,3]: 104.065415
  [3,4]: -145.579205
  [3,5]: -395.282378
  [3,6]: -645.143651
  [3,7]: -895.262812
  [3,8]: -1145.740044
  [3,9]: -1396.676166
  [4,0]: 1103.993957
  [4,1]: 853.591979
  [4,2]: 603.530583
  [4,3]: 353.709660
  [4,4]: 104.029491
  [4,5]: -145.609427
  [4,6]: -395.306541
  [4,7]: -645.161379
  [4,8]: -895.273701
  [4,9]: -1145.743738
  [5,0]: 1354.814664
  [5,1]: 1103.969620
  [5,2]: 853.566193
  [5,3]: 603.503716
  [5,4]: 353.682091
  [5,5]: 104.001590
  [5,6]: -145.637301
  [5,7]: -395.334022
  [5,8]: -645.188079
  [5,9]: -895.299285
  [6,0]: 1606.213317
  [6,1]: 1354.817310
  [6,2]: 1103.964710
  [6,3]: 853.554122
  [6,4]: 603.484891
  [6,5]: 353.656899
  [6,6]: 103.970392
  [6,7]: -145.674147
  [6,8]: -395.376144
  [6,9]: -645.235162
  [7,0]: 1858.299182
  [7,1]: 1606.243373
  [7,2]: 1354.833692
  [7,3]: 1103.967842
  [7,4]: 853.544436
  [7,5]: 603.462793
  [7,6]: 353.622752
  [7,7]: 103.924547
  [7,8]: -145.731335
  [7,9]: -395.444379
  [8,0]: 2111.182777
  [8,1]: 1858.357186
  [8,2]: 1606.281558
  [8,3]: 1354.852510
  [8,4]: 1103.967751
  [8,5]: 853.525863
  [8,6]: 603.426104
  [8,7]: 353.568288
  [8,8]: 103.852649
  [8,9]: -145.820392
  [9,0]: 2364.975858
  [9,1]: 2111.269186
  [9,2]: 1858.417606
  [9,3]: 1606.316469
  [9,4]: 1354.862399
  [9,5]: 1103.953064
  [9,6]: 853.486969
  [9,7]: 603.363336
  [9,8]: 353.481973
  [9,9]: 103.743041
layer 5 & 6
  [0,0]: 20.558051
  [0,1]: 271.246267
  [0,2]: 522.038548
  [0,3]: 773.029788
  [0,4]: 1024.315231
  [0,5]: 1275.990527
  [0,6]: 1528.151934
  [0,7]: 1780.896490
  [0,8]: 2034.322029
  [0,9]: 2288.527559
  [0,10]: 2543.613174
  [1,0]: -229.970891
  [1,1]: 20.684477
  [1,2]: 271.348949
  [1,3]: 522.117238
  [1,4]: 773.084246
  [1,5]: 1024.345135
  [1,6]: 1275.995537
  [1,7]: 1528.131702
  [1,8]: 1780.850543
  [1,9]: 2034.249972
  [1,10]: 2288.428845
  [2,0]: -480.590836
  [2,1]: -229.867654
  [2,2]: 20.769686
  [2,3]: 271.415868
  [2,4]: 522.165602
  [2,5]: 773.113720
  [2,6]: 1024.355380
  [2,7]: 1275.986208
  [2,8]: 1528.102350
  [2,9]: 1780.800788
  [2,10]: 2034.179307
  [3,0]: -731.402779
  [3,1]: -480.511015
  [3,2]: -229.800181
  [3,3]: 20.824535
  [3,4]: 271.457801
  [3,5]: 522.194274
  [3,6]: 773.128791
  [3,7]: 1024.356508
  [3,8]: 1275.972965
  [3,9]: 1528.074374
  [3,10]: 1780.757610
  [4,0]: -982.508041
  [4,1]: -731.346655
  [4,2]: -480.461579
  [4,3]: -229.757721
  [4,4]: 20.859699
  [4,5]: 271.485314
  [4,6]: 522.213794
  [4,7]: 773.139979
  [4,8]: 1024.358959
  [4,9]: 1275.966333
  [4,10]: 1528.058226
  [5,0]: -1234.008438
  [5,1]: -982.475951
  [5,2]: -731.315599
  [5,3]: -480.431859
  [5,4]: -229.729684
  [5,5]: 20.885686
  [5,6]: 271.508909
  [5,7]: 522.234660
  [5,8]: 773.157733
  [5,9]: 1024.373271
  [5,10]: 1275.976806
  [6,0]: -1486.006398
  [6,1]: -1234.000733
  [6,2]: -982.463632
  [6,3]: -731.298982
  [6,4]: -480.411317
  [6,5]: -229.705596
  [6,6]: 20.912978
  [6,7]: 271.539067
  [6,8]: 522.267325
  [6,9]: 773.192590
  [6,10]: 1024.409958
  [7,0]: -1738.605140
  [7,1]: -1486.023459
  [7,2]: -1234.007529
  [7,3]: -982.460492
  [7,4]: -731.286307
  [7,5]: -480.389498
  [7,6]: -229.674976
  [7,7]: 20.952062
  [7,8]: 271.586279
  [7,9]: 522.322363
  [7,10]: 773.255129
  [8,0]: -1991.908849
  [8,1]: -1738.647379
  [8,2]: -1486.049767
  [8,3]: -1234.018249
  [8,4]: -982.456052
  [8,5]: -731.267111
  [8,6]: -480.355891
  [8,7]: -229.627293
  [8,8]: 21.013505
  [8,9]: 271.661196
  [8,10]: 522.410465
  [9,0]: -2246.022945
  [9,1]: -1991.976801
  [9,2]: -1738.693704
  [9,3]: -1486.074823
  [9,4]: -1234.022491
  [9,5]: -982.439899
  [9,6]: -731.230908
  [9,7]: -480.299973
  [9,8]: -229.551955
  [9,9]: 21.107993
  [9,10]: 271.774580
layer 6 & 7
  [0,0]: 105.138455
  [0,1]: -146.493683
  [0,2]: -398.179843
  [0,3]: -650.010343
  [0,4]: -902.075794
  [0,5]: -1154.467045
  [0,6]: -1407.275502
  [0,7]: -1660.593109
  [0,8]: -1914.512630
  [0,9]: -2169.127621
  [0,10]: -2424.532688
  [1,0]: 356.661776
  [1,1]: 105.014668
  [1,2]: -146.596000
  [1,3]: -398.260438
  [1,4]: -650.069014
  [1,5]: -902.112216
  [1,6]: -1154.480936
  [1,7]: -1407.266491
  [1,8]: -1660.560866
  [1,9]: -1914.456709
  [1,10]: -2169.047577
  [2,0]: 608.319645
  [2,1]: 356.561722
  [2,2]: 104.930757
  [2,3]: -146.663489
  [2,4]: -398.311280
  [2,5]: -650.102879
  [2,6]: -902.128808
  [2,7]: -1154.479895
  [2,8]: -1407.247489
  [2,9]: -1660.523480
  [2,10]: -1914.400522
  [3,0]: 860.208274
  [3,1]: 608.243535
  [3,2]: 356.496469
  [3,3]: 104.876667
  [3,4]: -146.706168
  [3,5]: -398.342211
  [3,6]: -650.121755
  [3,7]: -902.135276
  [3,8]: -1154.473632
  [3,9]: -1407.228094
  [3,10]: -1660.490561
  [4,0]: 1112.424281
  [4,1]: 860.156404
  [4,2]: 608.197248
  [4,3]: 356.456096
  [4,4]: 104.842481
  [4,5]: -146.733825
  [4,6]: -398.363020
  [4,7]: -650.135369
  [4,8]: -902.141377
  [4,9]: -1154.471841
  [4,10]: -1407.218044
  [5,0]: 1365.064735
  [5,1]: 1112.396935
  [5,2]: 860.129376
  [5,3]: 608.170894
  [5,4]: 356.430713
  [5,5]: 104.818417
  [5,6]: -146.756236
  [5,7]: -398.383440
  [5,8]: -650.153484
  [5,9]: -902.156830
  [5,10]: -1154.484288
  [6,0]: 1618.227372
  [6,1]: 1365.062252
  [6,2]: 1112.389506
  [6,3]: 860.117386
  [6,4]: 608.154664
  [6,5]: 356.410598
  [6,6]: 104.794763
  [6,7]: -146.783098
  [6,8]: -398.413200
  [6,9]: -650.185805
  [6,10]: -902.191393
  [7,0]: 1872.010766
  [7,1]: 1618.250160
  [7,2]: 1365.074821
  [7,3]: 1112.392269
  [7,4]: 860.110688
  [7,5]: 608.138866
  [7,6]: 356.386060
  [7,7]: 104.761808
  [7,8]: -146.824163
  [7,9]: -398.462059
  [7,10]: -650.242162
  [8,0]: 2126.514349
  [8,1]: 1872.059183
  [8,2]: 1618.283079
  [8,3]: 1365.092682
  [8,4]: 1112.395442
  [8,5]: 860.099540
  [8,6]: 608.113772
  [8,7]: 356.347336
  [8,8]: 104.709759
  [8,9]: -146.889244
  [8,10]: -398.539898
  [9,0]: 2381.838803
  [9,1]: 2126.588919
  [9,2]: 1872.112946
  [9,3]: 1618.316502
  [9,4]: 1365.106160
  [9,5]: 1112.389350
  [9,6]: 860.074267
  [9,7]: 608.069627
  [9,8]: 356.284620
  [9,9]: 104.628745
  [9,10]: -146.988305
  [10,0]: 2638.085967
  [10,1]: 2381.939980
  [10,2]: 2126.663954
  [10,3]: 1872.162333
  [10,4]: 1618.340663
  [10,5]: 1365.105477
  [10,6]: 1112.364226
  [10,7]: 860.025005
  [10,8]: 607.996526
  [10,9]: 356.187932
  [10,10]: 104.508697
layer 7 & 8
  [0,0]: 147.026403
  [0,1]: 399.681020
  [0,2]: 652.473420
  [0,3]: 905.490184
  [0,4]: 1158.817900
  [0,5]: 1412.543943
  [0,6]: 1666.755873
  [0,7]: 1921.542137
  [0,8]: 2176.990862
  [0,9]: 2433.193378
  [1,0]: -105.443846
  [1,1]: 147.137249
  [1,2]: 399.769685
  [1,3]: 652.539741
  [1,4]: 905.533872
  [1,5]: 1158.838833
  [1,6]: 1412.541682
  [1,7]: 1666.730142
  [1,8]: 1921.491685
  [1,9]: 2176.916444
  [2,0]: -357.950888
  [2,1]: -105.352029
  [2,2]: 147.211805
  [2,3]: 399.826711
  [2,4]: 652.579141
  [2,5]: 905.555354
  [2,6]: 1158.842036
  [2,7]: 1412.526314
  [2,8]: 1666.695135
  [2,9]: 1921.437573
  [3,0]: -610.586235
  [3,1]: -357.878300
  [3,2]: -105.291810
  [3,3]: 147.259281
  [3,4]: 399.861541
  [3,5]: 652.600862
  [3,6]: 905.563683
  [3,7]: 1158.836663
  [3,8]: 1412.506355
  [3,9]: 1666.660904
  [4,0]: -863.441663
  [4,1]: -610.533181
  [4,2]: -357.832738
  [4,3]: -105.254219
  [4,4]: 147.289189
  [4,5]: 399.883133
  [4,6]: 652.613933
  [4,7]: 905.567906
  [4,8]: 1158.831337
  [4,9]: 1412.491573
  [5,0]: -1116.609169
  [5,1]: -863.408383
  [5,2]: -610.502533
  [5,3]: -357.805309
  [5,4]: -105.229528
  [5,5]: 147.310338
  [5,6]: 399.900613
  [5,7]: 652.627398
  [5,8]: 905.576838
  [5,9]: 1158.835609
  [6,0]: -1370.181280
  [6,1]: -1116.596002
  [6,2]: -863.392988
  [6,3]: -610.485602
  [6,4]: -357.786168
  [6,5]: -105.209152
  [6,6]: 147.331900
  [6,7]: 399.922997
  [6,8]: 652.650267
  [6,9]: 905.599844
  [7,0]: -1624.251051
  [7,1]: -1370.188542
  [7,2]: -1116.596178
  [7,3]: -863.386874
  [7,4]: -610.472335
  [7,5]: -357.766892
  [7,6]: -105.183841
  [7,7]: 147.362864
  [7,8]: 399.959459
  [7,9]: 652.691661
  [8,0]: -1878.912344
  [8,1]: -1624.279160
  [8,2]: -1370.204689
  [8,3]: -1116.601269
  [8,4]: -863.379853
  [8,5]: -610.454517
  [8,6]: -357.738174
  [8,7]: -105.144623
  [8,8]: 147.412608
  [8,9]: 400.018941
  [9,0]: -2134.259799
  [9,1]: -1878.961668
  [9,2]: -1624.311636
  [9,3]: -1370.221332
  [9,4]: -1116.600827
  [9,5]: -863.363816
  [9,6]: -610.422704
  [9,7]: -357.691004
  [9,8]: -105.081888
  [9,9]: 147.489899
  [10,0]: -2390.389107
  [10,1]: -2134.330780
  [10,2]: -1879.010891
  [10,3]: -1624.340225
  [10,4]: -1370.227839
  [10,5]: -1116.586917
  [10,6]: -863.329230
  [10,7]: -610.367880
  [10,8]: -357.615554
  [10,9]: -104.987041
