b/I       ch/I       l/I       h/I        w/I  xhv        yhv        xc         yc         xro        yro
0          2          0        379          0  32.949049  510.99563  52.676876  508.95379  72.404702  506.91195 
0          7          0        381          1  16.719625  511.78377  36.502303  510.36888  56.284981    508.954 
0         10          0        383          2   0.473366  512.05658  20.290976  511.27007  40.108585  510.48356 
0         17          0        385          3  -15.77336  511.81380   4.059217  511.65646  23.891803  511.49912 
0         20          0        387          4  -32.00422  511.05567  -12.17662  511.52766   7.650965  511.99964 
0         29          0        389          5  -48.20285  509.78295  -28.40021  510.88378  -8.597578  511.98462 
0         32          0        391          6  -64.35294  507.99692  -44.59520   509.7255  -24.83746  511.45407 
0         39          0        393          7  -80.43823  505.69938  -60.74528  508.05396  -41.05234  510.40854 
0         11          1        389          0  82.864826  521.45024  62.636192  523.86887  42.407557  526.28749 
0         14          1        391          1  66.278568  523.81684   45.98338  525.59244  25.688192  527.36804 
0         21          1        393          2  49.625574  525.65600  29.284268  526.78678   8.942961  527.91756 
0         26          1        395          3  32.922611  526.96587  12.555668   527.4507  -7.811275  527.93552 
0         33          1          1          4  16.186497  527.74513  -4.185574  527.58351  -24.55764  527.42189 
0         36          1          3          5  -0.719657  527.99300  -20.92260  527.18510  -41.27928  526.37719 
0         43          1          5          6  -17.31775  527.70922  -37.63856  526.25585  -57.95936  524.80248 
0         45          1          7          7  -34.05216  526.89409  -54.31662  524.79671  -74.58108  522.69933 
0         47          1          9          8  -50.75227  525.54841  -70.93999  522.80914  -91.12770  520.06987 
0          0          2        389          0  41.102323  542.49469  61.267991  540.20758  81.433659  537.92048 
0          5          2        391          1  24.376673  543.50314  44.603208  541.83812  64.829743  540.17311 
0          9          2        393          2   7.627901  543.99605  27.896117  542.95470  48.164333  541.91335 
0         12          2        395          3  -9.128107  543.97294  11.162564  543.55625  31.453236  543.13956 
0         19          2        397          4  -26.07484  543.43385  -5.581576  543.64220  14.712304  543.85056 
0         24          2        399          5  -42.68992  542.37927  -22.32042  543.21248  -2.042584  544.04569 
0         31          2        401          6  -59.28066  540.81021  -39.03809  542.26749  -18.79553  543.72476 
0         34          2        403          7  -75.90682  538.72817  -55.71874  540.80812  -35.53065  542.88807 
0         41          2        405          8  -92.46099  536.13510  -72.34653  538.83576  -52.23207  541.53642 
0          6          3        413          0  88.281902  553.10143  68.214848  555.56535  48.147795  558.02927 
0         13          3        415          1  71.696102  555.49487  51.564321  557.35738  31.432539  559.21988 
0         16          3        417          2  55.046125  557.39107  34.867636  558.65049  14.689147  559.90991 
0         25          3        419          3  38.346875  558.78833  18.139741  559.44354  -2.067393  560.09875 
0         28          3          1          4  21.470444  559.68540   1.395608  559.73581  -18.82208  559.78622 
0         35          3          3          5  4.7453312  560.08147  -15.34977  559.52704  -35.55992  558.97260 
0         38          3          5          6  -11.89689  559.97620  -32.08141  558.81742  -52.26593  557.65863 
0         42          3          7          7  -28.64352  559.36967  -48.78434  557.60758  -68.92516  555.84549 
0         44          3          9          8  -45.36450  558.26243  -65.44359  555.89860  -85.52268  553.53478 
0          1          4        411          0  55.188239  573.50342  75.157051  570.87448  95.125864  568.24553 
0          3          4        413          1  38.484706  574.86594  58.521532  572.81889  78.558359  570.77185 
0          4          4        415          2   21.74861  575.74206  41.836498  574.27864  61.924386  572.81523 
0          8          4        417          3   4.994114  576.13104  25.116067  575.25250  45.238019  574.37395 
0         15          4        419          4  -11.90878  576.03256   8.230211  575.73963  28.369203  575.44670
0         18          4        421          5  -28.59105  575.44670  -8.374384  575.73963  11.764608  576.03256 
0         27          4        423          6  -45.23801  574.37395  -25.11606  575.25250  -4.994114  576.13104 
0         30          4        425          7  -61.92438  572.81523  -41.83649  574.27864  -21.74861  575.74206 
0         37          4        427          8  -78.55835  570.77185  -58.52153  572.81889  -38.48470  574.86594 
0         40          4        429          9  -95.12586  568.24553  -75.15705  570.87448  -55.18823  573.50342 
1          6          5        435          0  101.96562  583.35581  82.094528  586.13895  62.223429  588.92209 
1         10          5        437          1  85.416487  586.00769  65.474586  588.22739  45.532686  590.44709 
1         14          5        439          2  68.798929  588.19019  48.802201  589.84466  28.805472  591.49914 
1         18          5        441          3  52.126265  589.90155  32.090725  590.98948  12.055185  592.07741 
1         24          5        443          4  35.411849  591.14041  15.353546  591.66093  -4.704758  592.18144 
1         28          5          1          5  18.733400  591.90578  -1.395932  591.85846  -21.46093  591.81113 
1         32          5          3          6   1.911333  592.19704  -18.14429  591.58192  -38.19991  590.96680 
1         36          5          5          7  -14.84793  592.01396  -34.87811  590.83153  -54.90830  589.64911 
1         41          5          7          8  -31.59530  591.35668  -51.58400  589.60790  -71.57270  587.85911 
1         43          5          9          9  -48.31737  590.22574  -68.24857    587.912  -88.17978  585.59825 
1          1          6        435          0  60.920457  605.18658  80.732949  602.53191  100.54544  599.87725 
1          3          6        437          1  44.221807  606.63542  64.099924  604.52768  83.978042  602.41994 
1          4          6        439          2  27.489577  607.62358  47.418223  606.06438   67.34687  604.50517 
1          8          6        441          3  10.736471  608.15033  30.700514  607.14083  50.664557  606.13134 
1         12          6        443          4  -6.024789  608.21526   13.95949  607.75624  33.943769  607.29722 
1         16          6        445          5  -22.87193  607.81831  -2.792134  607.91012  17.197205  608.00194 
1         20          6        447          6  -39.54420  606.95980  -19.54163  607.60237   0.437582  608.24494 
1         26          6        449          7  -56.23022  605.64037  -36.27630  606.83321  -16.32237  608.02605 
1         30          6        451          8  -72.89690  603.86103  -52.98341  605.60323  -33.06993  607.34543 
1         34          6        453          9  -89.50821  601.62312  -69.65029  603.91336  -49.79238  606.20361 
1         38          6        455         10  -106.0515  598.92835  -86.26428  601.76489  -66.47701  604.60144 
1          5          7        457          0  107.38639  614.98244  87.669337  617.78049  67.952281  620.57854 
1          9          7        459          1  90.836639  617.64387  71.051568  619.91154  51.266498  622.17922 
1         13          7        461          2  74.221396  619.86000  54.382575  621.59568  34.543754  623.33135 
1         17          7        463          3  57.552645  621.62926  37.674376  622.83167  17.796107  624.03408 
1         21          7        465          4    40.8424  622.95035  20.939015  623.61864   1.035629  624.28693 
1         27          7        467          5  24.011745  623.82233   4.188558  623.95601  -15.72559  624.08969 
1         31          7          1          6  7.1547768  624.24457  -12.56491  623.84355  -32.47548  623.44253 
1         35          7          3          7  -9.416716  624.21676  -29.30933  623.28133  -49.20195  622.34589 
1         39          7          5          8  -26.17228  623.73893  -46.03262  622.26975  -65.89295  620.80058 
1         40          7          7          9  -42.90899  622.81141  -62.72272  620.80956  -82.53645  618.80770 
1         42          7          9         10  -59.61476  621.43489  -79.36760   618.9018  -99.12044  616.36870 
1          0          8          0          0    58.3066  637.66822  77.998926   635.2503  97.691253  632.83239 
1          2          8          0          1    41.5944  638.97599  61.343278  637.07439  81.092156  635.17279 
1          7          8          0          2    24.8537  639.84585  44.645591  638.46186  64.437482  637.07788 
1         11          8          0          3      8.096  640.27718  27.917323  639.41177  47.738646  638.54635 
1         15          8          0          4   -8.66728  640.26970  11.169906  639.92345  31.007092  639.57719 
1         19          8          0          5  230.60918  639.82342  -5.585155  639.99655  14.254288  640.16969 
1         25          8          0          6   -42.1645  638.93863  -22.33639  639.63104  -2.508285  640.32345 
1         29          8          0          7   -58.8755  637.61594  -39.07232  638.82716  -19.26914  640.03837 
1         33          8          0          8   -75.5462  635.85626  -55.78149  637.58545  -36.01678  639.31464 
1         37          8          0          9   -92.1651  633.66080  -72.45242  635.90678  -52.73975  638.15275 
