t x
224.11513     -0.795 
215.27681      -0.77 
207.72017     -0.745 
199.83507      -0.72 
191.79867     -0.695 
184.15077      -0.67 
176.49687     -0.645 
168.77147      -0.62 
161.52196     -0.595 
152.88846      -0.57 
139.98875     -0.545 
133.05782      -0.52 
125.22957     -0.495 
117.46023      -0.47 
109.75824     -0.445 
101.92178      -0.42 
94.636879     -0.395 
87.838641      -0.37 
80.697338     -0.345 
74.571792      -0.32 
68.950303     -0.295 
56.736268      -0.27 
51.374851     -0.245 
45.966779      -0.22 
40.251017     -0.195 
34.082920      -0.17 
28.324763     -0.145 
22.745371      -0.12 
16.905491     -0.095 
11.137942      -0.07 
5.6183481     -0.045 
2.0702553      -0.02 
1.7039442      0.005 
3.9015111       0.03 
8.7232161      0.055 
14.032318       0.08 
19.360964      0.105 
24.835226       0.13 
30.099151      0.155 
35.824264       0.18 
42.301799      0.205 
49.050153       0.23 
55.158269      0.255 
63.611445       0.28 
70.766934      0.305 
78.117215       0.33 
85.119901      0.355 
91.551993       0.38 
98.307854      0.405 
105.27327       0.43 
112.71977      0.455 
118.92770       0.48 
125.77977      0.505 
#148.09041       0.53 
#159.77617      0.555 
#161.56795       0.58 
163.36868      0.605 
171.66395       0.63 
179.91248      0.655 
187.86231       0.68 
195.02607      0.705 
202.42826       0.73 
210.25291      0.755 
217.19006       0.78 
224.85997      0.805 
