t x
223.37698     -0.785 
213.17982      -0.76 
204.83127     -0.735 
196.70152      -0.71 
188.97437     -0.685 
180.50853      -0.66 
172.21243     -0.635 
164.55923      -0.61 
#161.82155     -0.585 
#159.29941      -0.56 
#151.03286     -0.535 
128.56497      -0.51 
120.55148     -0.485 
114.07698      -0.46 
106.23208     -0.435 
98.548934      -0.41 
91.381622     -0.385 
83.989206      -0.36 
76.634916     -0.335 
68.981836      -0.31 
62.726244     -0.285 
55.573751      -0.26 
49.583535     -0.235 
43.244054      -0.21 
37.249231     -0.185 
31.018449      -0.16 
25.415741     -0.135 
19.757609      -0.11 
14.472721     -0.085 
8.9740066      -0.06 
4.4238199     -0.035 
1.6367352      -0.01 
2.0251077      0.015 
5.3824782       0.04 
10.731370      0.065 
16.425236       0.09 
22.118380      0.115 
27.385709       0.14 
32.983488      0.165 
39.212645       0.19 
44.791282      0.215 
49.750749       0.24 
53.312361      0.265 
63.550824       0.29 
74.272716      0.315 
80.038214       0.34 
87.265925      0.365 
94.332789       0.39 
101.50228      0.415 
108.93120       0.44 
116.31683      0.465 
123.99848       0.49 
131.72591      0.515 
138.17361       0.54 
152.06003      0.565 
161.71696       0.59 
168.53329      0.615 
176.02967       0.64 
183.09755      0.665 
190.65627       0.69 
197.73063      0.715 
205.67559       0.74 
213.46680      0.765 
222.17867       0.79 
229.19233      0.815 
