t x
#219.67285     -0.787 
221.91733     -0.762 
213.60891     -0.737 
206.29544     -0.712 
199.02695     -0.687 
191.59814     -0.662 
184.26424     -0.637 
176.79009     -0.612 
169.50307     -0.587 
161.02186     -0.562 
144.53371     -0.537 
137.65082     -0.512 
129.87038     -0.487 
122.37582     -0.462 
115.25362     -0.437 
107.80131     -0.412 
100.83642     -0.387 
94.191512     -0.362 
87.516312     -0.337 
79.718523     -0.312 
73.221069     -0.287 
57.575863     -0.262 
51.889479     -0.237 
 45.56717     -0.212 
39.807280     -0.187 
34.206375     -0.162 
29.067194     -0.137 
23.590086     -0.112 
18.355143     -0.087 
12.812554     -0.062 
8.1630952     -0.037 
5.5977984     -0.012 
5.7750096      0.013 
8.6879117      0.038 
13.435401      0.063 
18.981319      0.088 
23.654450      0.113 
28.946240      0.138 
34.066757      0.163 
39.474941      0.188 
45.470816      0.213 
52.162613      0.238 
58.846406      0.263 
66.622661      0.288 
73.148405      0.313 
81.080918      0.338 
88.289627      0.363 
95.304160      0.388 
102.52265      0.413 
109.52442      0.438 
117.46366      0.463 
123.58814      0.488 
130.30594      0.513 
158.21932      0.538 
#165.66071      0.563 
#167.32431      0.588 
#169.20277      0.613 
176.60060      0.638 
184.15996      0.663 
192.31106      0.688 
199.37231      0.713 
207.34830      0.738 
214.90012      0.763 
229.91045      0.788 
#230.86720      0.813 
