t x
241.79177     -8.45
232.95345     -8.2
224.11513     -7.95 
215.27681      -7.7 
207.72017     -7.45 
199.83507      -7.2 
191.79867     -6.95 
184.15077      -6.7 
176.49687     -6.45 
168.77147      -6.2 
161.52196     -5.95 
152.88846      -5.7 
139.98875     -5.45 
133.05782      -5.2 
125.22957     -4.95 
117.46023      -4.7 
109.75824     -4.45 
101.92178      -4.2 
94.636879     -3.95 
87.838641      -3.7 
80.697338     -3.45 
74.571792      -3.2 
68.950303     -2.95 
56.736268      -2.7 
51.374851     -2.45 
45.966779      -2.2 
40.251017     -1.95 
34.082920      -1.7 
28.324763     -1.45 
22.745371      -1.2 
16.905491     -0.95 
11.137942      -0.7 
5.6183481     -0.45 
2.0702553      -0.2 
1.7039442      0.05 
3.9015111       0.3 
8.7232161      0.55 
14.032318       0.8 
19.360964      1.05 
24.835226       1.3 
30.099151      1.55 
35.824264       1.8 
42.301799      2.05 
49.050153       2.3 
55.158269      2.55 
63.611445       2.8 
70.766934      3.05 
78.117215       3.3 
85.119901      3.55 
91.551993       3.8 
98.307854      4.05 
105.27327       4.3 
112.71977      4.55 
118.92770       4.8 
125.77977      5.05 
#148.09041       5.3 
#159.77617      5.55 
#161.56795       5.8 
163.36868      6.05 
171.66395       6.3 
179.91248      6.55 
187.86231       6.8 
195.02607      7.05 
202.42826       7.3 
210.25291      7.55 
217.19006       7.8 
224.85997      8.05 
232.52988      8.3
240.19978      8.55
