t x
219.75915      -0.78 
210.06159     -0.755 
201.78661      -0.73 
193.99419     -0.705 
186.41183      -0.68 
178.64836     -0.655 
170.86602      -0.63 
163.12670     -0.605 
#158.65787      -0.58 
#157.89620     -0.555 
#150.83254      -0.53 
126.77133     -0.505 
119.78341      -0.48 
113.62795     -0.455 
106.05784      -0.43 
98.915904     -0.405 
91.917788      -0.38 
84.743947     -0.355 
76.914304      -0.33 
69.319451     -0.305 
62.457957      -0.28 
56.069541     -0.255 
49.177218      -0.23 
42.571316     -0.205 
36.617405      -0.18 
30.726841     -0.155 
25.371622      -0.13 
19.621518     -0.105 
14.159918      -0.08 
8.5328274     -0.055 
3.5766661      -0.03 
1.5270433     -0.005 
1.9987003       0.02 
5.9652972      0.045 
11.987683       0.07 
18.051492      0.095 
24.393924       0.12 
30.272011      0.145 
36.332802       0.17 
41.866074      0.195 
46.273071       0.22 
#50.372939      0.245 
#56.638622       0.27 
#71.158123      0.295 
76.070665       0.32 
80.098059      0.345 
85.919380       0.37 
92.737846      0.395 
100.48346       0.42 
109.15353      0.445 
117.37141       0.47 
124.95954      0.495 
132.14207       0.52 
138.66259      0.545 
150.73874       0.57 
161.50390      0.595 
167.97177       0.62 
175.46630      0.645 
182.82628       0.67 
190.76344      0.695 
198.65586       0.72 
207.16732      0.745 
214.70823       0.77 
221.88557      0.795 
244.86788       0.82 
