t x
223.02225     -0.785 
215.64503      -0.76 
207.95185     -0.735 
200.20520      -0.71 
192.34702     -0.685 
184.34954      -0.66 
176.10701     -0.635 
167.71773      -0.61 
158.44428     -0.585 
150.03769      -0.56 
134.32203     -0.535 
126.76129      -0.51 
119.78554     -0.485 
113.09845      -0.46 
105.74546     -0.435 
99.116950      -0.41 
92.053437     -0.385 
84.994693      -0.36 
77.401702     -0.335 
70.000409      -0.31 
63.131508     -0.285 
56.041099      -0.26 
49.120646     -0.235 
42.184999      -0.21 
35.859439     -0.185 
29.745820      -0.16 
24.111083     -0.135 
18.224215      -0.11 
12.862162     -0.085 
7.2866790      -0.06 
2.9238841     -0.035 
0.9024378      -0.01 
1.3284466      0.015 
4.1691157       0.04 
8.8394111      0.065 
14.607356       0.09 
20.006098      0.115 
25.903305       0.14 
31.449830      0.165 
37.551306       0.19 
42.855252      0.215 
48.557306       0.24 
55.094310      0.265 
68.561869       0.29 
75.951479      0.315 
80.951804       0.34 
87.327776      0.365 
93.729321       0.39 
100.74910      0.415 
108.25113       0.44 
115.59014      0.465 
122.59575       0.49 
129.57052      0.515 
137.07444       0.54 
143.32007      0.565 
158.46966       0.59 
166.24048      0.615 
173.76758       0.64 
181.24404      0.665 
189.02449       0.69 
196.54031      0.715 
204.34057       0.74 
212.20844      0.765 
218.73427       0.79 
229.15532      0.815 
