t x
#304.97428     -0.785 
223.57653      -0.76 
213.85347     -0.735 
206.21200      -0.71 
198.76504     -0.685 
190.76501      -0.66 
183.44695     -0.635 
175.20050      -0.61 
167.46510     -0.585 
157.57370      -0.56 
143.05995     -0.535 
136.15127      -0.51 
128.65831     -0.485 
121.25797      -0.46 
114.27890     -0.435 
106.73869      -0.41 
99.866104     -0.385 
92.407451      -0.36 
85.322220     -0.335 
78.569036      -0.31 
72.728422     -0.285 
59.714210      -0.26 
54.513763     -0.235 
47.789648      -0.21 
41.951404     -0.185 
35.668926      -0.16 
30.187121     -0.135 
24.680294      -0.11 
19.476796     -0.085 
13.946020      -0.06 
8.6774097     -0.035 
5.7220622      -0.01 
5.8639204      0.015 
9.3541691       0.04 
14.854941      0.065 
20.463888       0.09 
25.675786      0.115 
31.400006       0.14 
36.456499      0.165 
42.186398       0.19 
48.096232      0.215 
54.781969       0.24 
60.863373      0.265 
67.519465       0.29 
74.050827      0.315 
81.620409       0.34 
89.296191      0.365 
96.588991       0.39 
103.28652      0.415 
110.62641       0.44 
118.14810      0.465 
124.29406       0.49 
132.53245      0.515 
#153.33582       0.54 
#159.81218      0.565 
#159.57884       0.59 
163.51628      0.615 
171.87818       0.64 
179.25504      0.665 
187.06908       0.69 
194.69215      0.715 
202.38569       0.74 
210.15323      0.765 
217.85673       0.79 
#286.30654      0.815 
