t x
#257.35182     -0.802 
214.43322     -0.777 
207.12964     -0.752 
199.57999     -0.727 
192.26609     -0.702 
185.06268     -0.677 
177.39391     -0.652 
169.62065     -0.627 
160.85834     -0.602 
140.86970     -0.552 
134.36495     -0.527 
126.24403     -0.502 
119.28023     -0.477 
112.22645     -0.452 
104.99093     -0.427 
98.019230     -0.402 
91.319441     -0.377 
84.054807     -0.352 
77.531229     -0.327 
59.390726     -0.252 
54.210674     -0.227 
47.225989     -0.202 
41.332979     -0.177 
35.238479     -0.152 
29.925973     -0.127 
24.469019     -0.102 
19.041692     -0.077 
12.937261     -0.052 
7.5004915     -0.027 
5.5531950     -0.002 
6.8688635      0.023 
11.553523      0.048 
17.272242      0.073 
22.766129      0.098 
27.927726      0.123 
33.588646      0.148 
39.285153      0.173 
46.127441      0.198 
52.501144      0.223 
58.754588      0.248 
67.025560      0.273 
73.683209      0.298 
80.997193      0.323 
87.849855      0.348 
94.634778      0.373 
101.67357      0.398 
108.59165      0.423 
115.87868      0.448 
122.26459      0.473 
#128.75237      0.498 
#146.20485      0.523 
#157.93200      0.548 
162.37086      0.573 
167.63427      0.598 
175.69714      0.623 
183.74162      0.648 
191.87450      0.673 
199.27428      0.698 
206.69301      0.723 
214.13707      0.748 
223.27153      0.773 
#297.68250      0.798 
