t x
224.34603         -8
214.52833      -7.75
207.05572       -7.5
199.44442      -7.25
191.23890         -7
183.63229      -6.75
176.20006       -6.5
168.12917      -6.25
160.10380         -6
151.36965      -5.75
142.83109       -5.5
134.19549      -5.25
125.63568         -5
117.46157      -4.75
109.95716       -4.5
102.41690      -4.25
95.851888         -4
89.396618      -3.75
82.390212       -3.5
75.437421      -3.25
68.983197         -3
62.149041      -2.75
54.418848       -2.5
46.280622      -2.25
40.060609         -2
33.879980      -1.75
28.344237       -1.5
22.689154      -1.25
17.098935         -1
11.468425      -0.75
5.8035613       -0.5
2.0033116      -0.25
1.5087485          0
3.5436787       0.25
8.1887167        0.5
13.953219       0.75
19.084020          1
24.307881       1.25
29.919279        1.5
35.960182       1.75
42.054368          2
48.556679       2.25
55.856729        2.5
63.072496       2.75
70.236824          3
77.718818       3.25
85.057109        3.5
91.807942       3.75
98.871825          4
105.96486       4.25
113.32436        4.5
121.04266       4.75
129.68264          5
139.00711       5.25
147.61186        5.5
155.74680       5.75
164.62053          6
171.91841       6.25
179.18742        6.5
187.23156       6.75
194.28520          7
201.86843       7.25
210.06276        7.5
218.19553       7.75
225.28157          8
