t x sig
227.60145       -0.8  6.4301044 
218.30242     -0.775  5.9319306 
209.49611      -0.75  5.4448038 
201.17464     -0.725  5.0492715 
192.97109       -0.7  4.9507072 
184.72197     -0.675  4.8104414 
176.82284      -0.65  4.8010146 
169.96719     -0.625  4.6975728 
131.10793       -0.5  6.2843600 
123.65817     -0.475  6.0941745 
115.71312      -0.45  6.1368760 
107.70322     -0.425  5.9802935 
99.774751       -0.4  5.7565469 
91.494897     -0.375  5.9733337 
83.495909      -0.35  5.9877098 
76.184120     -0.325  5.8910275 
71.307970       -0.3  6.3722209 
66.898826     -0.275  6.1404444 
59.027159      -0.25  5.5078242 
51.684316     -0.225  4.9906965 
45.228652       -0.2  4.9689325 
38.587331     -0.175  4.8246874 
32.621837      -0.15  5.0874508 
26.316976     -0.125  5.0283990 
20.427134       -0.1  5.2198099 
14.657572     -0.075  4.8074291 
10.641010      -0.05  4.4299547 
9.4564559     -0.025  4.4473779 
10.919349          0  3.7931647 
15.432129      0.025  3.7441998 
21.414436       0.05  4.0602422 
27.185405      0.075  4.0502515 
33.354516        0.1  3.8538032 
39.061213      0.125  3.9097414 
45.122718       0.15  4.3844040 
50.425726      0.175  4.6776326 
55.559824        0.2  5.2436003 
60.886000      0.225  5.5439681 
79.962546      0.275  6.7619065 
85.160309        0.3  6.8367719 
90.106717      0.325  6.7844319 
95.507165       0.35  6.5727929 
101.33938      0.375  6.1916692 
108.46299        0.4  5.9022612 
116.23945      0.425  5.9339429 
123.91469       0.45  6.0770859 
131.36699      0.475  6.0434208 
138.61795        0.5  5.6225826 
145.63274      0.525  5.7920908 
152.50291       0.55  8.4247165 
165.77710      0.575  5.7818793 
173.91159        0.6  5.8010591 
181.20037      0.625  6.0738789 
189.02898       0.65  5.8273290 
196.66300      0.675  6.1594875 
204.77788        0.7  6.3539955 
213.08525      0.725  6.6380007 
220.86869       0.75  6.6146953 
227.54931      0.775  6.6849226 
