x t
  -0.80000001E+00   219.47142E+00
  -0.77500004E+00   212.73157E+00
  -0.75000000E+00   201.16720E+00
  -0.72500002E+00   194.60310E+00
  -0.69999999E+00   187.77493E+00
  -0.67500001E+00   180.69895E+00
  -0.65000004E+00   173.42308E+00
  -0.62500000E+00   165.99250E+00
  -0.60000002E+00   158.44941E+00
  -0.57499999E+00   150.83967E+00
  -0.55000001E+00   143.19810E+00
  -0.52500004E+00   135.56285E+00
  -0.50000000E+00   127.95807E+00
  -0.47499999E+00   120.41017E+00
  -0.45000002E+00   112.93837E+00
  -0.42500001E+00   105.56053E+00
  -0.40000001E+00   982.86018E-01
  -0.37500000E+00   911.23395E-01
  -0.34999999E+00   840.83088E-01
  -0.32500002E+00   771.72145E-01
  -0.30000001E+00   703.90478E-01
  -0.27500001E+00   637.35738E-01
  -0.25000000E+00   571.97563E-01
  -0.22500001E+00   507.66632E-01
  -0.20000000E+00   444.34387E-01
  -0.17500000E+00   381.70144E-01
  -0.15000001E+00   319.53570E-01
  -0.12500000E+00   257.59708E-01
  -0.10000000E+00   195.96329E-01
  -0.75000003E-01   135.20462E-01
  -0.50000001E-01   767.85269E-02
  -0.25000000E-01   245.92781E-02
   0.00000000E+00   000.00000E+00
   0.25000000E-01   245.92956E-02
   0.50000001E-01   767.91421E-02
   0.75000003E-01   135.21654E-01
   0.10000000E+00   195.97571E-01
   0.12500000E+00   257.61170E-01
   0.15000001E+00   319.55007E-01
   0.17500000E+00   381.71347E-01
   0.20000000E+00   444.34994E-01
   0.22500001E+00   507.68409E-01
   0.25000000E+00   571.97824E-01
   0.27500001E+00   637.34531E-01
   0.30000001E+00   703.84912E-01
   0.32500002E+00   771.64240E-01
   0.34999999E+00   840.70824E-01
   0.37500000E+00   911.05320E-01
   0.40000001E+00   982.60120E-01
   0.42500001E+00   105.52546E+00
   0.45000002E+00   112.89602E+00
   0.47499999E+00   120.35578E+00
   0.50000000E+00   127.89659E+00
   0.52500004E+00   135.48975E+00
   0.55000001E+00   143.12004E+00
   0.57499999E+00   150.75316E+00
   0.60000002E+00   158.35688E+00
   0.62500000E+00   165.89355E+00
   0.65000004E+00   173.32050E+00
   0.67500001E+00   180.59357E+00
   0.69999999E+00   187.66999E+00
   0.72500002E+00   194.49843E+00
   0.75000000E+00   201.06086E+00
   0.77500004E+00   212.76571E+00
   0.80000001E+00   219.58034E+00
