x t
  -0.80000001E+00   324.22996E+00
  -0.77500004E+00   305.90373E+00
  -0.75000000E+00   296.15328E+00
  -0.72500002E+00   286.25530E+00
  -0.69999999E+00   276.08261E+00
  -0.67500001E+00   265.57851E+00
  -0.65000004E+00   254.76587E+00
  -0.62500000E+00   243.71335E+00
  -0.60000002E+00   232.48181E+00
  -0.57499999E+00   221.14247E+00
  -0.55000001E+00   209.74416E+00
  -0.52500004E+00   198.35532E+00
  -0.50000000E+00   187.13185E+00
  -0.47499999E+00   175.78094E+00
  -0.45000002E+00   164.66449E+00
  -0.42500001E+00   153.68941E+00
  -0.40000001E+00   142.88418E+00
  -0.37500000E+00   132.24822E+00
  -0.34999999E+00   121.79266E+00
  -0.32500002E+00   111.52175E+00
  -0.30000001E+00   101.40811E+00
  -0.27500001E+00   914.30448E-01
  -0.25000000E+00   815.62400E-01
  -0.22500001E+00   717.72099E-01
  -0.20000000E+00   620.19274E-01
  -0.17500000E+00   522.88231E-01
  -0.15000001E+00   426.03903E-01
  -0.12500000E+00   330.13169E-01
  -0.10000000E+00   237.24485E-01
  -0.75000003E-01   150.22149E-01
  -0.50000001E-01   741.04425E-02
  -0.25000000E-01   197.72355E-02
   0.00000000E+00   000.00000E+00
   0.25000000E-01   197.74036E-02
   0.50000001E-01   741.15791E-02
   0.75000003E-01   150.24439E-01
   0.10000000E+00   237.27726E-01
   0.12500000E+00   330.17475E-01
   0.15000001E+00   426.08738E-01
   0.17500000E+00   522.94839E-01
   0.20000000E+00   620.22261E-01
   0.22500001E+00   717.76845E-01
   0.25000000E+00   815.63361E-01
   0.27500001E+00   914.32922E-01
   0.30000001E+00   101.40965E+00
   0.32500002E+00   111.51610E+00
   0.34999999E+00   121.78690E+00
   0.37500000E+00   132.22802E+00
   0.40000001E+00   142.85107E+00
   0.42500001E+00   153.64748E+00
   0.45000002E+00   164.60589E+00
   0.47499999E+00   175.71034E+00
   0.50000000E+00   186.93477E+00
   0.52500004E+00   198.25348E+00
   0.55000001E+00   209.62778E+00
   0.57499999E+00   221.00979E+00
   0.60000002E+00   232.34567E+00
   0.62500000E+00   243.56847E+00
   0.65000004E+00   254.61847E+00
   0.67500001E+00   265.42646E+00
   0.69999999E+00   275.92877E+00
   0.72500002E+00   286.09887E+00
   0.75000000E+00   295.99443E+00
   0.77500004E+00   305.74512E+00
   0.80000001E+00   324.36988E+00
