x t
  -8.0000001E+00   379.54599E+00   
  -7.7500004E+00   357.46500E+00   
  -7.5000000E+00   347.00879E+00   
  -7.2500002E+00   335.77812E+00   
  -6.9999999E+00   323.76742E+00   
  -6.7500001E+00   311.07947E+00   
  -6.5000004E+00   297.83821E+00   
  -6.2500000E+00   284.17128E+00   
  -6.0000002E+00   270.19903E+00   
  -5.7499999E+00   256.04251E+00   
  -5.5000001E+00   241.80473E+00   
  -5.2500004E+00   227.57436E+00   
  -5.0000000E+00   213.42927E+00   
  -4.7499999E+00   199.43780E+00   
  -4.5000002E+00   185.65322E+00   
  -4.2500001E+00   172.14479E+00   
  -4.0000001E+00   158.87755E+00   
  -3.7500000E+00   145.94616E+00   
  -3.4999999E+00   133.34577E+00   
  -3.2500002E+00   121.09613E+00   
  -3.0000001E+00   109.21768E+00   
  -2.7500001E+00   976.96565E-01   
  -2.5000000E+00   865.31349E-01   
  -2.2500001E+00   757.03613E-01   
  -2.0000000E+00   651.89362E-01   
  -1.7500000E+00   549.64989E-01   
  -1.5000001E+00   449.79122E-01   
  -1.2500000E+00   352.33960E-01   
  -1.0000000E+00   257.79339E-01   
  -7.5000003E-01   168.26889E-01   
  -5.0000001E-01   870.07638E-02   
  -2.5000000E-01   246.28786E-02   
   0.0000000E+00   000.00000E+00   
   2.5000000E-01   246.31224E-02   
   5.0000001E-01   870.18562E-02   
   7.5000003E-01   168.28949E-01   
   1.0000000E+00   257.82112E-01   
   1.2500000E+00   352.38057E-01   
   1.5000001E+00   449.84274E-01   
   1.7500000E+00   549.66345E-01   
   2.0000000E+00   651.92699E-01   
   2.2500001E+00   757.06273E-01   
   2.5000000E+00   865.32719E-01   
   2.7500001E+00   976.92050E-01   
   3.0000001E+00   109.20335E+00   
   3.2500002E+00   121.07217E+00   
   3.4999999E+00   133.31506E+00   
   3.7500000E+00   145.89527E+00   
   4.0000001E+00   158.80595E+00   
   4.2500001E+00   172.02774E+00   
   4.5000002E+00   185.53516E+00   
   4.7499999E+00   199.29342E+00   
   5.0000000E+00   213.26032E+00   
   5.2500004E+00   227.37949E+00   
   5.5000001E+00   241.58916E+00   
   5.7499999E+00   255.80996E+00   
   6.0000002E+00   269.95307E+00   
   6.2500000E+00   283.91567E+00   
   6.5000004E+00   297.57938E+00   
   6.7500001E+00   310.82007E+00   
   6.9999999E+00   323.51193E+00   
   7.2500002E+00   335.52581E+00   
   7.5000000E+00   346.72061E+00   
   7.7500004E+00   357.22348E+00   
   8.0000001E+00   379.73660E+00   
