x t
  -8.0000001E+00   370.77597E+00
  -7.7500004E+00   349.29562E+00
  -7.5000000E+00   338.97126E+00
  -7.2500002E+00   327.94642E+00
  -6.9999999E+00   316.21376E+00
  -6.7500001E+00   303.83840E+00
  -6.5000004E+00   290.94693E+00
  -6.2500000E+00   277.65954E+00
  -6.0000002E+00   264.08634E+00
  -5.7499999E+00   250.33990E+00
  -5.5000001E+00   236.51542E+00
  -5.2500004E+00   222.69824E+00
  -5.0000000E+00   208.96184E+00
  -4.7499999E+00   195.37167E+00
  -4.5000002E+00   181.99727E+00
  -4.2500001E+00   168.86348E+00
  -4.0000001E+00   155.91374E+00
  -3.7500000E+00   143.31926E+00
  -3.4999999E+00   131.03256E+00
  -3.2500002E+00   119.07281E+00
  -3.0000001E+00   107.45803E+00
  -2.7500001E+00   961.73160E-01
  -2.5000000E+00   852.05644E-01
  -2.2500001E+00   745.50904E-01
  -2.0000000E+00   641.78906E-01
  -1.7500000E+00   540.56410E-01
  -1.5000001E+00   441.59673E-01
  -1.2500000E+00   344.86204E-01
  -1.0000000E+00   251.36197E-01
  -7.5000003E-01   163.07183E-01
  -5.0000001E-01   834.85488E-02
  -2.5000000E-01   234.04162E-02
   0.0000000E+00   000.00000E+00
   2.5000000E-01   234.06153E-02
   5.0000001E-01   835.03993E-02
   7.5000003E-01   163.09330E-01
   1.0000000E+00   251.39162E-01
   1.2500000E+00   344.90079E-01
   1.5000001E+00   441.63261E-01
   1.7500000E+00   540.60631E-01
   2.0000000E+00   641.82170E-01
   2.2500001E+00   745.53505E-01
   2.5000000E+00   852.12223E-01
   2.7500001E+00   961.70738E-01
   3.0000001E+00   107.44588E+00
   3.2500002E+00   119.05549E+00
   3.4999999E+00   131.00077E+00
   3.7500000E+00   143.27070E+00
   4.0000001E+00   155.85499E+00
   4.2500001E+00   168.72676E+00
   4.5000002E+00   181.86411E+00
   4.7499999E+00   195.23647E+00
   5.0000000E+00   208.80507E+00
   5.2500004E+00   222.51731E+00
   5.5000001E+00   236.31208E+00
   5.7499999E+00   250.12121E+00
   6.0000002E+00   263.85683E+00
   6.2500000E+00   277.42159E+00
   6.5000004E+00   290.70288E+00
   6.7500001E+00   303.59319E+00
   6.9999999E+00   315.96962E+00
   7.2500002E+00   327.70881E+00
   7.5000000E+00   338.73111E+00
   7.7500004E+00   349.06676E+00
   8.0000001E+00   371.00929E+00
